23907 20150101  2.423  -98.08   30.62     2.2    -0.6     0.8     0.9     7.0     1.47 C     3.7     1.1     2.5    99.9    85.4    97.2   0.369   0.308 -99.000 -99.000 -99.000     7.0     8.1 -9999.0 -9999.0 -9999.0
23907 20150102  2.423  -98.08   30.62     3.5     1.3     2.4     2.2    10.2     1.43 C     4.9     2.3     3.1   100.0    98.8    99.8   0.391   0.327 -99.000 -99.000 -99.000     7.1     7.9 -9999.0 -9999.0 -9999.0
23907 20150103  2.423  -98.08   30.62    15.9     2.3     9.1     7.5     3.1    11.00 C    16.4     2.9     7.3   100.0    34.8    73.7   0.450   0.397 -99.000 -99.000 -99.000     7.6     7.9 -9999.0 -9999.0 -9999.0
23907 20150104  2.423  -98.08   30.62     9.2    -1.3     3.9     4.2     0.0    13.24 C    12.4    -0.5     4.9    82.0    40.6    61.7   0.413   0.352 -99.000 -99.000 -99.000     7.3     7.9 -9999.0 -9999.0 -9999.0
23907 20150105  2.423  -98.08   30.62    10.9    -3.7     3.6     2.6     0.0    13.37 C    14.7    -3.0     3.8    77.9    33.3    57.4   0.399   0.340 -99.000 -99.000 -99.000     6.3     7.0 -9999.0 -9999.0 -9999.0
23907 20150106  2.423  -98.08   30.62    20.2     2.9    11.6    10.9     0.0    12.90 C    22.0     1.6     9.9    67.7    30.2    49.3   0.395   0.335 -99.000 -99.000 -99.000     8.0     8.0 -9999.0 -9999.0 -9999.0
23907 20150107  2.423  -98.08   30.62    10.9    -3.4     3.8     4.5     0.0    12.68 C    12.4    -2.1     5.5    82.7    36.5    55.7   0.387   0.328 -99.000 -99.000 -99.000     7.6     8.3 -9999.0 -9999.0 -9999.0
23907 20150108  2.423  -98.08   30.62     0.6    -7.9    -3.6    -3.3     0.0     4.98 C     3.9    -4.8    -0.5    57.7    37.6    48.1   0.372   0.316 -99.000 -99.000 -99.000     4.7     6.1 -9999.0 -9999.0 -9999.0
23907 20150109  2.423  -98.08   30.62     2.0     0.1     1.0     0.8     0.0     2.52 C     4.1     1.2     2.5    87.8    48.9    64.4   0.368   0.312 -99.000 -99.000 -99.000     5.4     6.2 -9999.0 -9999.0 -9999.0
23907 20150110  2.423  -98.08   30.62     0.5    -2.0    -0.8    -0.6     3.9     2.11 C     2.5    -0.1     1.4    99.9    47.7    85.8   0.373   0.314 -99.000 -99.000 -99.000     5.1     6.0 -9999.0 -9999.0 -9999.0
23907 20150111  2.423  -98.08   30.62    10.9     0.0     5.4     4.4     2.6     6.38 C    12.7     1.3     5.8   100.0    77.8    97.1   0.420   0.362 -99.000 -99.000 -99.000     6.5     6.7 -9999.0 -9999.0 -9999.0
23907 20150112  2.423  -98.08   30.62     6.5     1.4     4.0     4.3     0.0     1.55 C     6.9     2.7     5.1   100.0    89.4    97.8   0.412   0.350 -99.000 -99.000 -99.000     7.3     7.5 -9999.0 -9999.0 -9999.0
23907 20150113  2.423  -98.08   30.62     3.0    -0.7     1.1     1.2     0.0     3.26 C     5.6     0.7     2.9    99.7    80.7    90.7   0.401   0.337 -99.000 -99.000 -99.000     6.1     6.8 -9999.0 -9999.0 -9999.0
23907 20150114  2.423  -98.08   30.62     2.9     0.9     1.9     1.8     0.7     1.88 C     4.7     2.0     3.1    99.6    90.8    97.9   0.395   0.331 -99.000 -99.000 -99.000     6.1     6.7 -9999.0 -9999.0 -9999.0
23907 20150115  2.423  -98.08   30.62    13.2     1.2     7.2     6.4     0.0    13.37 C    16.4     1.4     6.7    98.9    46.7    73.4   0.395   0.333 -99.000 -99.000 -99.000     6.7     7.0 -9999.0 -9999.0 -9999.0
23907 20150116  2.423  -98.08   30.62    16.7     3.5    10.1     9.9     0.0    13.68 C    19.2     1.3     8.7    80.2    38.1    58.2   0.391   0.330 -99.000 -99.000 -99.000     7.3     7.4 -9999.0 -9999.0 -9999.0
23907 20150117  2.423  -98.08   30.62    19.5     5.0    12.2    12.3     0.0    10.96 C    20.9     3.3    10.6    87.7    30.4    55.7   0.388   0.327 -99.000 -99.000 -99.000     8.7     8.4 -9999.0 -9999.0 -9999.0
23907 20150118  2.423  -98.08   30.62    20.9     7.6    14.3    13.7     0.0    15.03 C    23.4     3.5    11.9    45.9    14.6    31.4   0.383   0.325 -99.000 -99.000 -99.000     9.5     9.2 -9999.0 -9999.0 -9999.0
23907 20150119  2.423  -98.08   30.62    23.9     6.7    15.3    14.3     0.0    14.10 C    25.6     3.8    12.6    65.3    26.8    45.6   0.376   0.321 -99.000 -99.000 -99.000     9.9     9.5 -9999.0 -9999.0 -9999.0
23907 20150120  2.423  -98.08   30.62    26.0     9.5    17.8    15.9     0.0    14.57 C    27.9     6.5    14.5    88.4    16.1    50.2   0.373   0.320 -99.000 -99.000 -99.000    10.9    10.4 -9999.0 -9999.0 -9999.0
23907 20150121  2.423  -98.08   30.62    11.0     6.9     8.9     8.9     1.7     2.71 C    13.1     6.8     9.7    99.2    68.0    88.1   0.369   0.317 -99.000 -99.000 -99.000    10.7    10.6 -9999.0 -9999.0 -9999.0
23907 20150122  2.423  -98.08   30.62     8.6     3.5     6.1     5.6    40.0     1.28 C     9.1     4.1     6.3    99.6    95.2    98.0   0.546   0.418 -99.000 -99.000 -99.000     9.0     9.3 -9999.0 -9999.0 -9999.0
23907 20150123  2.423  -98.08   30.62     9.4     2.2     5.8     4.2     7.5     6.58 C    11.1     2.0     4.8    98.4    58.8    86.5   0.554   0.409 -99.000 -99.000 -99.000     7.6     8.1 -9999.0 -9999.0 -9999.0
23907 20150124  2.423  -98.08   30.62    16.0     1.4     8.7     8.0     0.0    14.26 C    18.8     0.4     7.7    92.0    33.0    63.0   0.494   0.381 -99.000 -99.000 -99.000     7.7     7.9 -9999.0 -9999.0 -9999.0
23907 20150125  2.423  -98.08   30.62    20.2     6.4    13.3    12.7     0.0    14.99 C    22.0     4.4    11.0    69.2    18.9    43.8   0.456   0.357 -99.000 -99.000 -99.000     9.1     8.9 -9999.0 -9999.0 -9999.0
23907 20150126  2.423  -98.08   30.62    21.5     7.2    14.4    14.1     0.0    12.01 C    22.9     5.5    12.2    56.8    23.7    40.6   0.433   0.349 -99.000 -99.000 -99.000    10.0     9.7 -9999.0 -9999.0 -9999.0
23907 20150127  2.423  -98.08   30.62    26.5    10.7    18.6    17.5     0.0    15.18 C    28.9     8.1    15.5    52.2    21.4    38.8   0.420   0.344 -99.000 -99.000 -99.000    11.4    10.8 -9999.0 -9999.0 -9999.0
23907 20150128  2.423  -98.08   30.62    26.3    13.3    19.8    19.1     0.0    15.11 C    28.1     7.9    16.3    54.9    19.4    35.5   0.410   0.339 -99.000 -99.000 -99.000    12.1    11.5 -9999.0 -9999.0 -9999.0
23907 20150129  2.423  -98.08   30.62    23.1     9.8    16.5    16.4     0.0    13.74 C    27.4     9.7    16.4    87.0    34.2    55.6   0.402   0.334 -99.000 -99.000 -99.000    13.1    12.4 -9999.0 -9999.0 -9999.0
23907 20150130  2.423  -98.08   30.62    13.0     6.9    10.0     9.0     0.2     7.19 C    19.2     8.3    11.0    67.6    48.4    58.8   0.389   0.328 -99.000 -99.000 -99.000    11.6    11.8 -9999.0 -9999.0 -9999.0
23907 20150131  2.423  -98.08   30.62    15.1     7.4    11.3    10.2     8.5     1.18 C    14.5     8.4    10.7   100.0    63.1    90.3   0.401   0.337 -99.000 -99.000 -99.000    11.2    11.3 -9999.0 -9999.0 -9999.0
23907 20150201  2.423  -98.08   30.62    18.3     3.9    11.1    13.3     0.0     8.69 C    22.1     4.1    13.8    98.8    53.6    79.1   0.450   0.386 -99.000 -99.000 -99.000    12.9    12.6 -9999.0 -9999.0 -9999.0
23907 20150202  2.423  -98.08   30.62     8.0    -1.9     3.1     3.3     0.0    12.48 C    15.2    -0.6     5.8    69.4    34.8    54.2   0.420   0.354 -99.000 -99.000 -99.000     9.3    10.1 -9999.0 -9999.0 -9999.0
23907 20150203  2.423  -98.08   30.62     5.3     2.3     3.8     3.8     0.8     2.69 C     8.3     3.9     5.7   100.0    65.1    82.6   0.409   0.343 -99.000 -99.000 -99.000     8.7     9.3 -9999.0 -9999.0 -9999.0
23907 20150204  2.423  -98.08   30.62    11.8     4.3     8.1     7.9     0.3     4.41 C    13.8     5.5     8.8   100.0    80.6    94.1   0.410   0.344 -99.000 -99.000 -99.000     9.6     9.8 -9999.0 -9999.0 -9999.0
23907 20150205  2.423  -98.08   30.62     9.4     0.7     5.0     3.1     0.0     4.90 C     9.3     2.8     5.6    97.3    68.8    81.4   0.402   0.336 -99.000 -99.000 -99.000     8.6     9.3 -9999.0 -9999.0 -9999.0
23907 20150206  2.423  -98.08   30.62    15.3     0.8     8.0     7.4     0.0    14.67 C    20.9     1.8     9.3    95.9    50.7    75.9   0.396   0.331 -99.000 -99.000 -99.000     9.1     9.2 -9999.0 -9999.0 -9999.0
23907 20150207  2.423  -98.08   30.62    19.8     5.9    12.8    12.0     0.0    16.75 C    23.8     4.8    12.0    96.8    48.6    76.2   0.393   0.329 -99.000 -99.000 -99.000    10.5    10.2 -9999.0 -9999.0 -9999.0
23907 20150208  2.423  -98.08   30.62    26.3    12.3    19.3    17.7     0.0    16.54 C    29.8    10.8    17.3    96.6    25.4    65.2   0.393   0.332 -99.000 -99.000 -99.000    13.0    12.2 -9999.0 -9999.0 -9999.0
23907 20150209  2.423  -98.08   30.62    26.6    13.6    20.1    19.3     0.0    16.90 C    31.1    10.3    17.8    64.6    19.7    40.0   0.388   0.329 -99.000 -99.000 -99.000    13.5    12.9 -9999.0 -9999.0 -9999.0
23907 20150210  2.423  -98.08   30.62    26.0    12.7    19.4    18.7     0.0    17.09 C    30.3     9.5    17.6    61.3    26.5    40.1   0.381   0.325 -99.000 -99.000 -99.000    13.6    13.0 -9999.0 -9999.0 -9999.0
23907 20150211  2.423  -98.08   30.62    23.0    10.6    16.8    16.3     0.0    16.50 C    29.2     8.1    16.8    77.6    29.9    55.8   0.375   0.323 -99.000 -99.000 -99.000    14.0    13.5 -9999.0 -9999.0 -9999.0
23907 20150212  2.423  -98.08   30.62    14.8     5.6    10.2     9.4     0.0    12.60 C    22.8     6.8    11.9    71.2    32.3    52.2   0.363   0.317 -99.000 -99.000 -99.000    12.3    12.7 -9999.0 -9999.0 -9999.0
23907 20150213  2.423  -98.08   30.62    18.9     4.7    11.8    11.5     0.0    12.25 C    26.3     4.5    12.3    65.6    37.7    50.7   0.355   0.310 -99.000 -99.000 -99.000    11.4    11.7 -9999.0 -9999.0 -9999.0
23907 20150214  2.423  -98.08   30.62    24.3    10.8    17.5    16.7     0.0    16.94 C    31.3     8.8    17.1    77.8    29.3    56.9   0.354   0.310 -99.000 -99.000 -99.000    13.3    12.8 -9999.0 -9999.0 -9999.0
23907 20150215  2.423  -98.08   30.62    20.2    13.3    16.8    15.9     0.0     5.79 C    23.9    12.8    16.2    96.0    65.3    83.9   0.353   0.312 -99.000 -99.000 -99.000    14.5    13.9 -9999.0 -9999.0 -9999.0
23907 20150216  2.423  -98.08   30.62    17.6     0.0     8.8     5.0     1.0     4.87 C    17.1     2.5     7.4    98.3    66.4    83.8   0.345   0.306 -99.000 -99.000 -99.000    11.9    12.8 -9999.0 -9999.0 -9999.0
23907 20150217  2.423  -98.08   30.62    11.2    -0.4     5.4     4.3     0.0    13.36 C    18.6     1.3     6.8    80.6    36.6    57.9   0.337   0.298 -99.000 -99.000 -99.000     9.3    10.3 -9999.0 -9999.0 -9999.0
23907 20150218  2.423  -98.08   30.62    17.2    -0.4     8.4     9.1     0.0    18.48 C    25.1     0.5    10.1    80.9    21.1    46.1   0.334   0.294 -99.000 -99.000 -99.000     9.5    10.0 -9999.0 -9999.0 -9999.0
23907 20150219  2.423  -98.08   30.62    19.2     5.7    12.4    12.3     0.0    17.70 C    26.0     4.1    13.2    79.1    35.7    56.9   0.333   0.295 -99.000 -99.000 -99.000    11.1    11.0 -9999.0 -9999.0 -9999.0
23907 20150220  2.423  -98.08   30.62    22.0    11.9    16.9    16.7     0.0     8.41 C    25.9    10.7    16.7    85.5    55.7    76.5   0.336   0.298 -99.000 -99.000 -99.000    13.6    12.9 -9999.0 -9999.0 -9999.0
23907 20150221  2.423  -98.08   30.62    22.9     9.3    16.1    17.2     0.0    11.83 C    31.1    10.6    18.9    86.5    51.1    74.3   0.336   0.302 -99.000 -99.000 -99.000    15.6    14.7 -9999.0 -9999.0 -9999.0
23907 20150222  2.423  -98.08   30.62    10.7     0.1     5.4     7.3     2.0     1.85 C    12.7     2.2     9.2   100.0    76.7    91.8   0.327   0.296 -99.000 -99.000 -99.000    12.7    13.3 -9999.0 -9999.0 -9999.0
23907 20150223  2.423  -98.08   30.62     0.1    -3.5    -1.7    -2.2     0.7     2.37 C     2.2    -1.2     0.1    99.3    95.1    97.2   0.317   0.285 -99.000 -99.000 -99.000     8.0     9.8 -9999.0 -9999.0 -9999.0
23907 20150224  2.423  -98.08   30.62     0.7    -3.4    -1.4    -1.5     0.0     3.98 C     4.9    -1.3     1.2    99.9    93.6    97.2   0.316   0.282 -99.000 -99.000 -99.000     6.8     8.1 -9999.0 -9999.0 -9999.0
23907 20150225  2.423  -98.08   30.62    15.4     0.1     7.7     6.4     0.4    17.04 C    19.8     1.7     8.0    99.9    30.3    70.4   0.330   0.285 -99.000 -99.000 -99.000     8.3     8.7 -9999.0 -9999.0 -9999.0
23907 20150226  2.423  -98.08   30.62     6.0     0.0     3.0     2.9     0.0     6.77 C     9.8     1.9     4.2    88.0    58.1    75.5   0.330   0.285 -99.000 -99.000 -99.000     7.6     8.5 -9999.0 -9999.0 -9999.0
23907 20150227  2.423  -98.08   30.62     0.0    -2.7    -1.3    -1.4     0.0     2.56 C     2.9    -0.9     1.0    99.1    57.5    77.6   0.324   0.280 -99.000 -99.000 -99.000     6.1     7.3 -9999.0 -9999.0 -9999.0
23907 20150228  2.423  -98.08   30.62     0.0    -3.1    -1.6    -1.5     1.9     1.93 C     1.7    -1.2     0.2    99.9    96.4    98.8   0.323   0.279 -99.000 -99.000 -99.000     5.3     6.5 -9999.0 -9999.0 -9999.0
23907 20150301  2.423  -98.08   30.62     4.5    -0.2     2.1     1.9     3.8     3.44 C     6.4     0.7     3.0   100.0    99.5    99.9   0.370   0.307 -99.000 -99.000 -99.000     5.8     6.5 -9999.0 -9999.0 -9999.0
23907 20150302  2.423  -98.08   30.62     4.9     1.5     3.2     3.1     2.6     3.68 C     7.5     2.2     4.3   100.0    97.7    99.7   0.394   0.327 -99.000 -99.000 -99.000     6.5     6.9 -9999.0 -9999.0 -9999.0
23907 20150303  2.423  -98.08   30.62 -9999.0 -9999.0 -9999.0 -9999.0 -9999.0 -9999.00 U -9999.0 -9999.0 -9999.0 -9999.0 -9999.0 -9999.0 -99.000 -99.000 -99.000 -99.000 -99.000 -9999.0 -9999.0 -9999.0 -9999.0 -9999.0
23907 20150304  2.423  -98.08   30.62    18.3    -0.3     9.0    11.3     5.8     2.26 C    19.7     2.0    11.9   100.0    93.8    98.6   0.420   0.353 -99.000 -99.000 -99.000    11.1    10.6 -9999.0 -9999.0 -9999.0
23907 20150305  2.423  -98.08   30.62 -9999.0 -9999.0 -9999.0 -9999.0     3.3    21.45 C    15.7    -1.5     4.4    98.1    36.8    72.4   0.452   0.383 -99.000 -99.000 -99.000     6.4     7.6 -9999.0 -9999.0 -9999.0
23907 20150306  2.423  -98.08   30.62    12.9    -3.2     4.8     4.1     0.0    22.65 C    22.9    -2.6     7.4    68.0    28.6    49.4   0.418   0.348 -99.000 -99.000 -99.000     6.7     7.1 -9999.0 -9999.0 -9999.0
23907 20150307  2.423  -98.08   30.62    13.7     4.4     9.1     8.7     0.0     8.80 C    20.1     3.9    10.8    59.9    29.7    46.1   0.410   0.342 -99.000 -99.000 -99.000     8.4     8.3 -9999.0 -9999.0 -9999.0
23907 20150308  2.423  -98.08   30.62    10.4     6.8     8.6     8.8     2.5     2.00 C    11.9     8.2    10.0   100.0    51.9    94.7   0.412   0.345 -99.000 -99.000 -99.000     9.5     9.3 -9999.0 -9999.0 -9999.0
23907 20150309  2.423  -98.08   30.62    11.3     8.1     9.7     9.4    39.0     2.35 C    13.2     8.9    10.3   100.0    95.9    99.2   0.572   0.428 -99.000 -99.000 -99.000     9.9     9.7 -9999.0 -9999.0 -9999.0
23907 20150310  2.423  -98.08   30.62    15.0     8.4    11.7    11.6     0.0     8.06 C    18.6     7.6    12.7    99.8    66.5    85.3   0.520   0.393 -99.000 -99.000 -99.000    10.8    10.5 -9999.0 -9999.0 -9999.0
23907 20150311  2.423  -98.08   30.62    15.1    10.3    12.7    11.8     0.0     4.78 C    17.5    10.2    12.6    91.3    70.4    84.1   0.474   0.373 -99.000 -99.000 -99.000    11.4    11.1 -9999.0 -9999.0 -9999.0
23907 20150312  2.423  -98.08   30.62    22.6     9.4    16.0    14.7     0.0    19.57 C    29.5     8.3    16.3    95.4    44.8    75.5   0.454   0.363 -99.000 -99.000 -99.000    12.6    12.0 -9999.0 -9999.0 -9999.0
23907 20150313  2.423  -98.08   30.62    23.4    10.4    16.9    16.3     0.0    17.64 C    30.6    10.2    17.6   100.0    35.4    68.8   0.438   0.357 -99.000 -99.000 -99.000    13.7    13.0 -9999.0 -9999.0 -9999.0
23907 20150314  2.423  -98.08   30.62    23.5    11.0    17.2    16.3     0.0    20.38 C    32.1    10.5    18.1    92.0    33.0    62.5   0.424   0.348 -99.000 -99.000 -99.000    14.2    13.6 -9999.0 -9999.0 -9999.0
23907 20150315  2.423  -98.08   30.62    18.8     9.5    14.1    13.9     0.0    13.34 C    29.6     9.4    16.1    91.7    59.5    76.2   0.411   0.340 -99.000 -99.000 -99.000    13.9    13.5 -9999.0 -9999.0 -9999.0
23907 20150316  2.423  -98.08   30.62    24.7    11.1    17.9    17.3     0.0    13.97 C    31.7     9.9    18.9    95.7    44.1    74.7   0.404   0.336 -99.000 -99.000 -99.000    14.7    14.0 -9999.0 -9999.0 -9999.0
23907 20150317  2.423  -98.08   30.62    23.2    16.2    19.7    18.7     0.0     7.08 C    29.4    16.7    20.0    98.1    66.7    87.1   0.401   0.338 -99.000 -99.000 -99.000    16.5    15.6 -9999.0 -9999.0 -9999.0
23907 20150318  2.423  -98.08   30.62    25.4    15.0    20.2    19.4     0.6    16.96 C    35.4    15.2    22.0    99.2    51.3    79.1   0.398   0.339 -99.000 -99.000 -99.000    17.4    16.5 -9999.0 -9999.0 -9999.0
23907 20150319  2.423  -98.08   30.62    26.6    16.3    21.4    20.5     0.0    13.18 C    37.3    16.5    22.6    99.4    52.9    81.2   0.394   0.340 -99.000 -99.000 -99.000    18.3    17.3 -9999.0 -9999.0 -9999.0
23907 20150320  2.423  -98.08   30.62    19.6    12.2    15.9    15.8     9.7     2.77 C    20.0    13.7    17.3    99.5    89.2    96.6   0.417   0.359 -99.000 -99.000 -99.000    17.3    17.1 -9999.0 -9999.0 -9999.0
23907 20150321  2.423  -98.08   30.62    14.2    11.5    12.8    12.7    20.8     2.86 C    16.9    12.5    14.1   100.0    95.0    98.6   0.563   0.443 -99.000 -99.000 -99.000    15.1    15.1 -9999.0 -9999.0 -9999.0
23907 20150322  2.423  -98.08   30.62    22.5    12.9    17.7    16.5     0.0    20.84 C    32.0    12.9    19.5   100.0    54.0    81.5   0.522   0.411 -99.000 -99.000 -99.000    16.2    15.8 -9999.0 -9999.0 -9999.0
23907 20150323  2.423  -98.08   30.62    27.2    11.7    19.4    18.6     0.0    23.99 C    36.0    10.9    21.2   100.0    33.3    73.4   0.472   0.386 -99.000 -99.000 -99.000    17.0    16.4 -9999.0 -9999.0 -9999.0
23907 20150324  2.423  -98.08   30.62    29.1    15.0    22.0    21.1     0.0    23.75 C    36.3    14.2    23.1    97.1    36.2    69.3   0.450   0.377 -99.000 -99.000 -99.000    18.5    17.7 -9999.0 -9999.0 -9999.0
23907 20150325  2.423  -98.08   30.62    28.8    14.2    21.5    20.4     0.0    22.86 C    38.6    14.2    23.4    99.2    37.0    71.9   0.432   0.367 -99.000 -99.000 -99.000    19.1    18.4 -9999.0 -9999.0 -9999.0
23907 20150326  2.423  -98.08   30.62    19.1    10.2    14.6    14.2     0.0    20.72 C    30.2    10.8    18.4    91.6    28.3    58.1   0.412   0.353 -99.000 -99.000 -99.000    16.9    17.3 -9999.0 -9999.0 -9999.0
23907 20150327  2.423  -98.08   30.62    25.6     7.3    16.5    16.9     0.0    25.07 C    36.8     7.8    19.6    63.3    17.5    36.6   0.394   0.336 -99.000 -99.000 -99.000    15.8    15.9 -9999.0 -9999.0 -9999.0
23907 20150328  2.423  -98.08   30.62    28.6    11.0    19.8    20.0     0.0    25.15 C    38.8    10.3    22.0    67.7    17.9    38.2   0.381   0.329 -99.000 -99.000 -99.000    16.8    16.5 -9999.0 -9999.0 -9999.0
23907 20150329  2.423  -98.08   30.62    28.3    13.9    21.1    20.7     0.0    25.01 C    39.0    12.9    23.4    87.6    31.2    57.4   0.368   0.323 -99.000 -99.000 -99.000    18.2    17.6 -9999.0 -9999.0 -9999.0
23907 20150330  2.423  -98.08   30.62    25.4    16.8    21.1    20.1     0.0    15.51 C    37.0    17.2    23.7    93.5    58.4    78.9   0.359   0.319 -99.000 -99.000 -99.000    19.5    18.7 -9999.0 -9999.0 -9999.0
23907 20150331  2.423  -98.08   30.62    27.1    17.9    22.5    21.1     0.0    22.52 C    40.8    18.8    25.7    95.2    45.4    73.6   0.350   0.315 -99.000 -99.000 -99.000    20.2    19.5 -9999.0 -9999.0 -9999.0
23907 20150401  2.423  -98.08   30.62    26.4    18.5    22.5    21.5     0.0    14.56 C    36.6    18.5    24.4    94.2    47.7    76.8   0.341   0.309 -99.000 -99.000 -99.000    20.5    19.9 -9999.0 -9999.0 -9999.0
23907 20150402  2.423  -98.08   30.62    28.5    19.1    23.8    22.4     0.0    18.31 C    41.0    20.2    26.1    97.7    54.5    81.0   0.333   0.306 -99.000 -99.000 -99.000    21.3    20.5 -9999.0 -9999.0 -9999.0
23907 20150403  2.423  -98.08   30.62    28.6    16.6    22.6    21.4     0.0    17.15 C    42.0    19.6    25.8    92.7    42.8    65.8   0.324   0.300 -99.000 -99.000 -99.000    21.1    20.6 -9999.0 -9999.0 -9999.0
23907 20150404  2.423  -98.08   30.62    19.1     9.4    14.2    14.7     1.6    11.83 C    27.5    12.2    18.9    80.7    43.1    56.6   0.311   0.284 -99.000 -99.000 -99.000    18.1    18.6 -9999.0 -9999.0 -9999.0
23907 20150405  2.423  -98.08   30.62    18.3    13.6    15.9    15.5     0.6     3.61 C    20.5    15.9    17.5    99.9    62.7    90.8   0.308   0.280 -99.000 -99.000 -99.000    17.8    18.0 -9999.0 -9999.0 -9999.0
23907 20150406  2.423  -98.08   30.62    28.5    17.6    23.0    22.4     0.0    22.85 C    38.4    17.5    25.2    99.7    49.1    74.3   0.308   0.281 -99.000 -99.000 -99.000    20.2    19.4 -9999.0 -9999.0 -9999.0
23907 20150407  2.423  -98.08   30.62    29.9    18.4    24.1    23.0     0.0    16.84 C    39.4    18.4    25.8    93.7    44.6    73.6   0.303   0.279 -99.000 -99.000 -99.000    21.3    20.6 -9999.0 -9999.0 -9999.0
23907 20150408  2.423  -98.08   30.62    24.1    18.5    21.3    21.1     0.0     5.14 C    26.9    18.9    21.9    94.7    73.6    84.1   0.295   0.276 -99.000 -99.000 -99.000    20.8    20.4 -9999.0 -9999.0 -9999.0
23907 20150409  2.423  -98.08   30.62    28.9    17.7    23.3    23.0     1.1    14.54 C    38.9    18.2    24.7    92.7    54.5    75.3   0.290   0.273 -99.000 -99.000 -99.000    21.3    20.6 -9999.0 -9999.0 -9999.0
23907 20150410  2.423  -98.08   30.62    23.4    12.0    17.7    16.9     2.0    15.88 C    32.1    14.7    19.8    90.9    34.6    63.5   0.283   0.267 -99.000 -99.000 -99.000    19.4    19.6 -9999.0 -9999.0 -9999.0
23907 20150411  2.423  -98.08   30.62    19.8    13.3    16.6    16.5     0.0     4.38 C    23.0    15.2    18.9    99.9    81.8    93.3   0.281   0.265 -99.000 -99.000 -99.000    18.7    18.8 -9999.0 -9999.0 -9999.0
23907 20150412  2.423  -98.08   30.62    25.6    18.1    21.8    20.8     0.0     9.59 C    33.3    18.6    22.3    99.8    64.7    88.0   0.283   0.266 -99.000 -99.000 -99.000    20.2    19.7 -9999.0 -9999.0 -9999.0
23907 20150413  2.423  -98.08   30.62    29.3    16.5    22.9    22.5     0.5    24.61 C    41.2    18.3    26.3    99.7    28.3    67.9   0.281   0.266 -99.000 -99.000 -99.000    21.3    20.7 -9999.0 -9999.0 -9999.0
23907 20150414  2.423  -98.08   30.62    21.6    11.0    16.3    16.0     0.0    21.82 C    39.3    14.9    22.5    96.1    48.9    72.8   0.270   0.259 -99.000 -99.000 -99.000    19.9    19.9 -9999.0 -9999.0 -9999.0
23907 20150415  2.423  -98.08   30.62    27.4    10.7    19.0    18.9     0.0    24.17 C    42.5    12.3    24.7    92.6    42.0    67.2   0.260   0.251 -99.000 -99.000 -99.000    19.8    19.5 -9999.0 -9999.0 -9999.0
23907 20150416  2.423  -98.08   30.62    24.4    17.9    21.1    20.6     0.3    11.78 C    31.8    19.1    23.4    96.7    64.0    84.7   0.254   0.252 -99.000 -99.000 -99.000    20.9    20.5 -9999.0 -9999.0 -9999.0
23907 20150417  2.423  -98.08   30.62    21.0    16.5    18.8    18.6     9.3     3.20 C    24.7    16.7    20.2    99.2    78.1    89.6   0.279   0.267 -99.000 -99.000 -99.000    20.1    20.0 -9999.0 -9999.0 -9999.0
23907 20150418  2.423  -98.08   30.62    24.9    12.7    18.8    18.2    14.5    13.11 C    33.9    14.7    20.9    98.7    60.9    87.0   0.396   0.352 -99.000 -99.000 -99.000    19.7    19.6 -9999.0 -9999.0 -9999.0
23907 20150419  2.423  -98.08   30.62    28.6    12.5    20.6    21.0     0.0    26.42 C    37.6    14.3    23.7    99.7    21.3    61.7   0.433   0.393 -99.000 -99.000 -99.000    19.9    19.7 -9999.0 -9999.0 -9999.0
23907 20150420  2.423  -98.08   30.62    21.6     9.4    15.5    15.8     0.0    22.28 C    32.5    10.8    20.1    68.7    30.5    50.1   0.396   0.353 -99.000 -99.000 -99.000    18.5    18.8 -9999.0 -9999.0 -9999.0
23907 20150421  2.423  -98.08   30.62    26.0    11.6    18.8    19.0     0.0    23.06 C    37.8    12.2    23.1    86.2    41.9    58.5   0.374   0.335 -99.000 -99.000 -99.000    18.8    18.7 -9999.0 -9999.0 -9999.0
23907 20150422  2.423  -98.08   30.62    25.3    17.6    21.4    20.8     0.0    12.08 C    35.5    18.6    24.3    95.5    64.6    83.9   0.361   0.329 -99.000 -99.000 -99.000    20.7    20.2 -9999.0 -9999.0 -9999.0
23907 20150423  2.423  -98.08   30.62    29.7    19.4    24.6    22.6     0.4    13.51 C    37.6    20.6    25.5    99.9    55.6    84.3   0.350   0.324 -99.000 -99.000 -99.000    21.8    21.1 -9999.0 -9999.0 -9999.0
23907 20150424  2.423  -98.08   30.62    26.6    19.8    23.2    23.1    10.5     9.70 C    30.7    20.6    24.4    99.5    74.7    89.2   0.415   0.380 -99.000 -99.000 -99.000    22.2    21.7 -9999.0 -9999.0 -9999.0
23907 20150425  2.423  -98.08   30.62    30.8    20.5    25.7    25.2     0.0    27.39 C    39.9    20.0    27.5    99.7    19.6    57.8   0.414   0.373 -99.000 -99.000 -99.000    22.5    22.0 -9999.0 -9999.0 -9999.0
23907 20150426  2.423  -98.08   30.62    29.7    20.0    24.9    23.8     0.9    21.27 C    40.6    20.0    27.7    97.8    39.7    77.6   0.384   0.351 -99.000 -99.000 -99.000    22.9    22.3 -9999.0 -9999.0 -9999.0
23907 20150427  2.423  -98.08   30.62    26.7    15.4    21.0    20.1    14.1    25.75 C    37.9    17.1    25.1    98.8    38.4    73.0   0.463   0.417 -99.000 -99.000 -99.000    21.9    21.8 -9999.0 -9999.0 -9999.0
23907 20150428  2.423  -98.08   30.62    15.7     9.1    12.4    12.8     0.3     5.58 C    19.2    10.5    16.3    97.5    72.4    84.6   0.420   0.371 -99.000 -99.000 -99.000    18.9    19.8 -9999.0 -9999.0 -9999.0
23907 20150429  2.423  -98.08   30.62    22.8     8.0    15.4    15.7     0.0    28.85 C    35.2     8.7    19.9    93.7    31.1    58.5   0.397   0.347 -99.000 -99.000 -99.000    18.1    18.5 -9999.0 -9999.0 -9999.0
23907 20150430  2.423  -98.08   30.62    26.3    12.4    19.3    19.4     0.0    28.72 C    40.4    11.3    23.5    66.4    28.8    46.5   0.370   0.329 -99.000 -99.000 -99.000    18.8    18.8 -9999.0 -9999.0 -9999.0
23907 20150501  2.423  -98.08   30.62    27.5    14.9    21.2    20.6     0.0    27.65 C    44.9    14.0    25.8    64.8    30.9    49.6   0.344   0.312 -99.000 -99.000 -99.000    19.8    19.6 -9999.0 -9999.0 -9999.0
23907 20150502  2.423  -98.08   30.62    27.4    14.6    21.0    20.6     0.0    28.07 C    43.1    15.0    26.4    74.6    33.5    54.2   0.317   0.293 -99.000 -99.000 -99.000    20.5    20.2 -9999.0 -9999.0 -9999.0
23907 20150503  2.423  -98.08   30.62    27.4    14.3    20.8    20.8     0.0    24.91 C    41.5    15.7    26.1    90.8    36.3    66.4   0.296   0.278 -99.000 -99.000 -99.000    21.0    20.6 -9999.0 -9999.0 -9999.0
23907 20150504  2.423  -98.08   30.62    27.8    18.1    22.9    22.0     0.0    18.83 C    42.9    20.1    27.1    95.1    45.3    71.8   0.279   0.268 -99.000 -99.000 -99.000    22.1    21.6 -9999.0 -9999.0 -9999.0
23907 20150505  2.423  -98.08   30.62    26.9    18.3    22.6    20.8     3.1    12.75 C    38.6    19.8    24.3    99.1    52.3    82.3   0.263   0.262 -99.000 -99.000 -99.000    21.9    21.6 -9999.0 -9999.0 -9999.0
23907 20150506  2.423  -98.08   30.62    28.9    19.9    24.4    23.1     0.2    16.45 C    36.2    20.6    25.5    98.5    54.9    81.5   0.259   0.261 -99.000 -99.000 -99.000    22.6    22.1 -9999.0 -9999.0 -9999.0
23907 20150507  2.423  -98.08   30.62    27.3    20.8    24.1    23.2     0.0    13.14 C    34.8    21.5    26.0    94.2    67.3    85.3   0.254   0.262 -99.000 -99.000 -99.000    23.1    22.5 -9999.0 -9999.0 -9999.0
23907 20150508  2.423  -98.08   30.62    26.3    19.9    23.1    22.6    17.1     6.98 C    31.5    20.8    24.0    97.7    76.9    92.5   0.329   0.328 -99.000 -99.000 -99.000    23.0    22.6 -9999.0 -9999.0 -9999.0
23907 20150509  2.423  -98.08   30.62    28.4    20.8    24.6    23.9     0.5    12.92 C    34.0    20.6    25.2    99.0    65.2    84.0   0.422   0.411 -99.000 -99.000 -99.000    23.0    22.6 -9999.0 -9999.0 -9999.0
23907 20150510  2.423  -98.08   30.62    28.3    22.8    25.6    24.5     0.6    11.49 C    34.3    22.7    25.7    91.2    59.0    79.9   0.402   0.394 -99.000 -99.000 -99.000    23.4    22.9 -9999.0 -9999.0 -9999.0
23907 20150511  2.423  -98.08   30.62    23.4    17.4    20.4    19.7    23.7     7.79 C    27.2    18.7    21.9    99.1    84.3    91.8   0.488   0.470 -99.000 -99.000 -99.000    22.1    22.1 -9999.0 -9999.0 -9999.0
23907 20150512  2.423  -98.08   30.62    18.2    15.3    16.7    16.8     3.5     5.51 C    22.3    17.0    18.8    99.6    86.3    96.7   0.466   0.446 -99.000 -99.000 -99.000    20.5    20.8 -9999.0 -9999.0 -9999.0
23907 20150513  2.423  -98.08   30.62    19.1    16.7    17.9    17.8    30.3     2.32 C    20.0    16.9    18.5    99.9    92.4    98.0   0.543   0.478 -99.000 -99.000 -99.000    19.9    20.1 -9999.0 -9999.0 -9999.0
23907 20150514  2.423  -98.08   30.62    28.4    18.8    23.6    22.7     2.4    15.35 C    34.8    18.5    24.4    99.4    62.5    87.5   0.540   0.467 -99.000 -99.000 -99.000    21.4    21.0 -9999.0 -9999.0 -9999.0
23907 20150515  2.423  -98.08   30.62    24.3    18.5    21.4    20.5    13.3    11.74 C    30.5    19.5    22.4    99.4    67.2    89.6   0.565   0.485 -99.000 -99.000 -99.000    21.6    21.4 -9999.0 -9999.0 -9999.0
23907 20150516  2.423  -98.08   30.62    29.0    18.3    23.6    23.2     0.0    13.42 C    34.2    19.9    24.8    98.8    62.4    84.7   0.516   0.453 -99.000 -99.000 -99.000    22.1    21.6 -9999.0 -9999.0 -9999.0
23907 20150517  2.423  -98.08   30.62    28.1    18.1    23.1    22.4    24.5    14.86 C    37.0    19.0    24.8    99.4    63.2    84.7   0.576   0.493 -99.000 -99.000 -99.000    22.3    21.9 -9999.0 -9999.0 -9999.0
23907 20150518  2.423  -98.08   30.62    31.1    21.2    26.1    24.9     0.0    15.99 C    40.3    21.6    27.6    99.4    58.1    82.9   0.512   0.456 -99.000 -99.000 -99.000    23.6    22.9 -9999.0 -9999.0 -9999.0
23907 20150519  2.423  -98.08   30.62    29.2    21.7    25.4    24.4     1.5    16.28 C    36.9    22.4    26.8    98.3    61.4    83.4   0.481   0.442 -99.000 -99.000 -99.000    23.9    23.4 -9999.0 -9999.0 -9999.0
23907 20150520  2.423  -98.08   30.62    30.6    19.9    25.2    24.7    35.3    17.96 C    40.2    20.8    28.0    98.0    48.1    78.5   0.463   0.432 -99.000 -99.000 -99.000    24.2    23.6 -9999.0 -9999.0 -9999.0
23907 20150521  2.423  -98.08   30.62    19.9    15.1    17.5    17.0    63.5    10.83 C    26.2    17.9    20.9    99.4    79.0    91.4   0.583   0.574 -99.000 -99.000 -99.000    21.5    21.8 -9999.0 -9999.0 -9999.0
23907 20150522  2.423  -98.08   30.62    22.4    15.1    18.8    19.1     0.8     4.72 C    23.9    17.4    20.5   100.0    91.6    97.7   0.514   0.532 -99.000 -99.000 -99.000    21.0    21.1 -9999.0 -9999.0 -9999.0
23907 20150523  2.423  -98.08   30.62    26.8    17.9    22.3    21.7    95.0     6.11 C    30.3    18.8    22.5    99.6    70.3    94.5   0.570   0.573 -99.000 -99.000 -99.000    21.9    21.7 -9999.0 -9999.0 -9999.0
23907 20150524  2.423  -98.08   30.62    26.7    17.1    21.9    21.0     8.2    18.22 C    34.2    18.2    23.8    99.7    63.4    87.2   0.589   0.587 -99.000 -99.000 -99.000    21.7    21.4 -9999.0 -9999.0 -9999.0
23907 20150525  2.423  -98.08   30.62    22.7    18.0    20.3    20.4 -9999.0     0.81 C    23.2    18.0    20.9    99.8    89.3    95.8   0.570   0.577 -99.000 -99.000 -99.000    21.5    21.5 -9999.0 -9999.0 -9999.0
23907 20150526  2.423  -98.08   30.62    30.2    17.0    23.6    23.0 -9999.0    17.56 C    36.8    17.5    25.0   100.0    59.0    86.9   0.554   0.572 -99.000 -99.000 -99.000    22.1    21.6 -9999.0 -9999.0 -9999.0
23907 20150527  2.423  -98.08   30.62    27.5    18.7    23.1    23.1     5.1    14.04 C    36.9    20.0    25.4    98.8    69.0    88.5   0.552   0.575 -99.000 -99.000 -99.000    23.0    22.6 -9999.0 -9999.0 -9999.0
23907 20150528  2.423  -98.08   30.62    28.8    16.9    22.9    24.4    26.4    16.81 C    36.7    18.4    26.8    98.7    66.6    84.0   0.514   0.546 -99.000 -99.000 -99.000    23.6    23.1 -9999.0 -9999.0 -9999.0
23907 20150529  2.423  -98.08   30.62    30.9    16.5    23.7    22.9    10.5    28.13 C    40.8    17.9    27.5    99.5    46.4    75.6   0.580   0.590 -99.000 -99.000 -99.000    22.9    22.5 -9999.0 -9999.0 -9999.0
23907 20150530  2.423  -98.08   30.62    28.9    19.5    24.2    23.1     0.0    18.87 C    39.7    21.0    26.9    96.8    49.1    74.9   0.497   0.533 -99.000 -99.000 -99.000    23.6    23.2 -9999.0 -9999.0 -9999.0
23907 20150531  2.423  -98.08   30.62    28.2    17.6    22.9    22.5     0.0    25.99 C    40.4    18.3    27.2    97.5    46.5    71.9   0.460   0.502 -99.000 -99.000 -99.000    23.3    23.0 -9999.0 -9999.0 -9999.0
23907 20150601  2.423  -98.08   30.62    30.1    18.3    24.2    23.8     0.0    25.23 C    44.7    19.0    29.0    92.5    43.2    68.9   0.430   0.475 -99.000 -99.000 -99.000    23.5    23.1 -9999.0 -9999.0 -9999.0
23907 20150602  2.423  -98.08   30.62    30.3    19.5    24.9    24.7     0.0    22.87 C    44.4    20.3    29.5    93.6    45.2    67.2   0.400   0.450 -99.000 -99.000 -99.000    24.0    23.6 -9999.0 -9999.0 -9999.0
23907 20150603  2.423  -98.08   30.62    30.4    19.5    24.9    24.7     0.0    28.07 C    46.0    20.4    30.8    93.2    45.3    66.7   0.370   0.423 -99.000 -99.000 -99.000    24.4    24.0 -9999.0 -9999.0 -9999.0
23907 20150604  2.423  -98.08   30.62    30.9    19.3    25.1    24.8     0.0    28.19 C    48.2    20.7    31.8    95.6    42.5    67.3   0.332   0.394 -99.000 -99.000 -99.000    24.9    24.5 -9999.0 -9999.0 -9999.0
23907 20150605  2.423  -98.08   30.62    30.8    20.0    25.4    25.1     0.0    25.90 C    48.0    21.3    32.0    97.8    41.0    69.4   0.295   0.370 -99.000 -99.000 -99.000    25.2    24.8 -9999.0 -9999.0 -9999.0
23907 20150606  2.423  -98.08   30.62    31.7    20.6    26.1    25.7     0.0    25.84 C    48.8    22.4    32.4    93.2    42.5    66.2   0.265   0.348 -99.000 -99.000 -99.000    25.5    25.0 -9999.0 -9999.0 -9999.0
23907 20150607  2.423  -98.08   30.62    31.7    20.2    26.0    25.7     0.0    29.14 C    49.0    21.7    33.2    91.8    37.7    63.4   0.240   0.324 -99.000 -99.000 -99.000    25.7    25.2 -9999.0 -9999.0 -9999.0
23907 20150608  2.423  -98.08   30.62    33.4    20.6    27.0    26.8     0.0    29.44 C    51.2    22.5    34.6    95.8    30.3    62.9   0.220   0.304 -99.000 -99.000 -99.000    26.5    25.8 -9999.0 -9999.0 -9999.0
23907 20150609  2.423  -98.08   30.62 -9999.0 -9999.0 -9999.0 -9999.0     0.0    11.66 C    51.6    21.0    32.3 -9999.0 -9999.0 -9999.0   0.204   0.286 -99.000 -99.000 -99.000    27.0    26.2 -9999.0 -9999.0 -9999.0
23907 20150610  2.423  -98.08   30.62    33.2    21.5    27.4    27.4     0.0    27.89 C    51.1    23.7    34.8 -9999.0 -9999.0 -9999.0   0.191   0.270 -99.000 -99.000 -99.000    27.3    26.6 -9999.0 -9999.0 -9999.0
23907 20150611  2.423  -98.08   30.62    32.4    21.5    27.0    26.7     0.0    24.83 C    50.2    23.4    33.3 -9999.0 -9999.0 -9999.0   0.182   0.259 -99.000 -99.000 -99.000    27.6    26.8 -9999.0 -9999.0 -9999.0
23907 20150612  2.423  -98.08   30.62    33.6    23.3    28.4    27.3     0.0    25.92 C    50.2    24.9    34.3 -9999.0 -9999.0 -9999.0   0.176   0.249 -99.000 -99.000 -99.000    28.1    27.3 -9999.0 -9999.0 -9999.0
23907 20150613  2.423  -98.08   30.62 -9999.0 -9999.0 -9999.0 -9999.0     0.0    25.15 C    59.7    25.3    37.5 -9999.0 -9999.0 -9999.0   0.171   0.242 -99.000 -99.000 -99.000    28.5    27.7 -9999.0 -9999.0 -9999.0
23907 20150614  2.423  -98.08   30.62    28.2    20.5    24.4    23.2    15.2    12.32 C    38.8    23.3    27.3 -9999.0 -9999.0 -9999.0   0.274   0.328 -99.000 -99.000 -99.000    26.7    26.7 -9999.0 -9999.0 -9999.0
23907 20150615  2.423  -98.08   30.62 -9999.0 -9999.0 -9999.0 -9999.0     3.4    24.16 C    74.8    23.4    37.5 -9999.0 -9999.0 -9999.0   0.328   0.365 -99.000 -99.000 -99.000    26.5    26.3 -9999.0 -9999.0 -9999.0
23907 20150616  2.423  -98.08   30.62    26.9    21.5    24.2    23.3     3.9    10.50 C    33.1    22.5    25.8 -9999.0 -9999.0 -9999.0   0.356   0.393 -99.000 -99.000 -99.000    25.8    25.8 -9999.0 -9999.0 -9999.0
23907 20150617  2.423  -98.08   30.62 -9999.0 -9999.0 -9999.0 -9999.0     1.7    21.07 C    76.9    21.7    32.8 -9999.0 -9999.0 -9999.0   0.378   0.407 -99.000 -99.000 -99.000    25.8    25.6 -9999.0 -9999.0 -9999.0
23907 20150618  2.423  -98.08   30.62    32.2    21.8    27.0 -9999.0     0.0    19.87 C    62.4    22.7    31.3 -9999.0 -9999.0 -9999.0   0.352   0.378 -99.000 -99.000 -99.000    26.4    26.1 -9999.0 -9999.0 -9999.0
23907 20150619  2.423  -98.08   30.62    28.8    21.7    25.2    25.0     0.0    14.79 C    37.9    23.5    28.6 -9999.0 -9999.0 -9999.0   0.323   0.350 -99.000 -99.000 -99.000    26.1    25.9 -9999.0 -9999.0 -9999.0
23907 20150620  2.423  -98.08   30.62    25.8    20.8    23.3    23.1     4.0     6.61 C    29.1    22.2    25.1 -9999.0 -9999.0 -9999.0   0.314   0.336 -99.000 -99.000 -99.000    25.4    25.5 -9999.0 -9999.0 -9999.0
23907 20150621  2.423  -98.08   30.62    28.4    20.4    24.4    23.7     7.4    13.92 C    33.8    22.7    26.1 -9999.0 -9999.0 -9999.0   0.357   0.358 -99.000 -99.000 -99.000    25.2    25.1 -9999.0 -9999.0 -9999.0
23907 20150622  2.423  -98.08   30.62    30.7    21.2    25.9    25.4     0.0    19.65 C    42.2    23.1    29.0 -9999.0 -9999.0 -9999.0   0.393   0.423 -99.000 -99.000 -99.000    25.8    25.5 -9999.0 -9999.0 -9999.0
23907 20150623  2.423  -98.08   30.62    32.5    22.3    27.4    26.5     0.0    26.83 C    44.6    22.9    31.9 -9999.0 -9999.0 -9999.0   0.358   0.386 -99.000 -99.000 -99.000    26.6    26.1 -9999.0 -9999.0 -9999.0
23907 20150624  2.423  -98.08   30.62    31.9    21.4    26.7    26.1     0.0    23.86 C    45.8    22.9    31.9 -9999.0 -9999.0 -9999.0   0.318   0.342 -99.000 -99.000 -99.000    26.8    26.4 -9999.0 -9999.0 -9999.0
23907 20150625  2.423  -98.08   30.62    32.7    22.0    27.3    26.9     0.0    27.59 C    49.4    23.6    33.5 -9999.0 -9999.0 -9999.0   0.282   0.304 -99.000 -99.000 -99.000    27.2    26.7 -9999.0 -9999.0 -9999.0
23907 20150626  2.423  -98.08   30.62    33.1    22.7    27.9    27.5     0.0    24.73 C    48.7    24.7    33.9 -9999.0 -9999.0 -9999.0   0.250   0.278 -99.000 -99.000 -99.000    27.6    27.1 -9999.0 -9999.0 -9999.0
23907 20150627  2.423  -98.08   30.62    32.9    22.2    27.5    26.4     0.0    21.49 C    49.8    26.0    33.4 -9999.0 -9999.0 -9999.0   0.226   0.263 -99.000 -99.000 -99.000    27.7    27.3 -9999.0 -9999.0 -9999.0
23907 20150628  2.423  -98.08   30.62    31.4    21.5    26.4    24.4     7.6    14.00 C    47.3    24.1    29.2 -9999.0 -9999.0 -9999.0   0.243   0.253 -99.000 -99.000 -99.000    26.7    26.6 -9999.0 -9999.0 -9999.0
23907 20150629  2.423  -98.08   30.62    32.1    22.1    27.1    26.8     0.0    24.48 C    42.3    23.0    31.2 -9999.0 -9999.0 -9999.0   0.269   0.253 -99.000 -99.000 -99.000    27.0    26.6 -9999.0 -9999.0 -9999.0
23907 20150630  2.423  -98.08   30.62    33.4    22.0    27.7    25.6    22.7    23.09 C    47.2    23.8    31.0 -9999.0 -9999.0 -9999.0   0.313   0.331 -99.000 -99.000 -99.000    27.2    26.9 -9999.0 -9999.0 -9999.0
23907 20150701  2.423  -98.08   30.62    31.3    20.6    26.0    24.6     0.0    23.28 C    41.8    21.7    28.8 -9999.0 -9999.0 -9999.0   0.421   0.464 -99.000 -99.000 -99.000    26.4    26.3 -9999.0 -9999.0 -9999.0
23907 20150702  2.423  -98.08   30.62    30.9    19.8    25.3    24.9     0.0    23.25 C    42.1    20.9    29.1 -9999.0 -9999.0 -9999.0   0.385   0.426 -99.000 -99.000 -99.000    26.1    25.9 -9999.0 -9999.0 -9999.0
23907 20150703  2.423  -98.08   30.62    31.6    22.6    27.1    26.5     0.0    22.39 C    43.9    23.3    31.0 -9999.0 -9999.0 -9999.0   0.353   0.394 -99.000 -99.000 -99.000    26.6    26.3 -9999.0 -9999.0 -9999.0
23907 20150704  2.423  -98.08   30.62    32.3    22.1    27.2    26.7     0.0    24.43 C    46.4    23.5    32.3 -9999.0 -9999.0 -9999.0   0.320   0.360 -99.000 -99.000 -99.000    27.1    26.6 -9999.0 -9999.0 -9999.0
23907 20150705  2.423  -98.08   30.62    32.3    23.2    27.7    26.8     0.0    22.94 C    47.2    24.8    32.5 -9999.0 -9999.0 -9999.0   0.286   0.326 -99.000 -99.000 -99.000    27.3    26.9 -9999.0 -9999.0 -9999.0
23907 20150706  2.423  -98.08   30.62    31.6    23.2    27.4    26.9     0.0    25.48 C    46.1    24.2    32.6 -9999.0 -9999.0 -9999.0   0.257   0.299 -99.000 -99.000 -99.000    27.2    27.0 -9999.0 -9999.0 -9999.0
23907 20150707  2.423  -98.08   30.62    30.9    23.9    27.4    26.7     0.0    15.95 C    41.6    25.2    30.8 -9999.0 -9999.0 -9999.0   0.236   0.282 -99.000 -99.000 -99.000    27.1    26.9 -9999.0 -9999.0 -9999.0
23907 20150708  2.423  -98.08   30.62    30.7    24.2    27.5    26.7     0.0    19.75 C    43.0    25.3    31.3 -9999.0 -9999.0 -9999.0   0.221   0.272 -99.000 -99.000 -99.000    27.1    26.8 -9999.0 -9999.0 -9999.0
23907 20150709  2.423  -98.08   30.62    32.9    22.9    27.9    27.2     0.0    27.10 C    48.6    23.6    33.2 -9999.0 -9999.0 -9999.0   0.206   0.261 -99.000 -99.000 -99.000    27.5    27.1 -9999.0 -9999.0 -9999.0
23907 20150710  2.423  -98.08   30.62    33.0    21.7    27.3    26.8     0.0    24.22 C    48.0    23.3    32.8 -9999.0 -9999.0 -9999.0   0.192   0.251 -99.000 -99.000 -99.000    27.7    27.2 -9999.0 -9999.0 -9999.0
23907 20150711  2.423  -98.08   30.62    33.2    21.9    27.5    27.0     0.0    28.55 C    50.3    23.3    34.2 -9999.0 -9999.0 -9999.0   0.183   0.244 -99.000 -99.000 -99.000    28.1    27.6 -9999.0 -9999.0 -9999.0
23907 20150712  2.423  -98.08   30.62    34.1    21.7    27.9    27.8     0.0    26.95 C    50.9    23.8    34.8 -9999.0 -9999.0 -9999.0   0.176   0.238 -99.000 -99.000 -99.000    28.6    27.9 -9999.0 -9999.0 -9999.0
23907 20150713  2.423  -98.08   30.62    35.5    22.6    29.1    28.8     0.0    28.29 C    52.5    24.8    36.0 -9999.0 -9999.0 -9999.0   0.169   0.233 -99.000 -99.000 -99.000    29.3    28.5 -9999.0 -9999.0 -9999.0
23907 20150714  2.423  -98.08   30.62    36.0    21.8    28.9    28.3     0.0    28.69 C    52.3    24.1    35.6 -9999.0 -9999.0 -9999.0   0.163   0.228 -99.000 -99.000 -99.000    29.4    28.7 -9999.0 -9999.0 -9999.0
23907 20150715  2.423  -98.08   30.62    34.5    22.0    28.3    27.7     0.0    28.70 C    52.1    24.3    35.4 -9999.0 -9999.0 -9999.0   0.157   0.223 -99.000 -99.000 -99.000    29.5    28.8 -9999.0 -9999.0 -9999.0
23907 20150716  2.423  -98.08   30.62    35.0    21.5    28.3    27.6     0.0    28.88 C    51.9    23.7    35.1 -9999.0 -9999.0 -9999.0   0.152   0.219 -99.000 -99.000 -99.000    29.6    28.9 -9999.0 -9999.0 -9999.0
23907 20150717  2.423  -98.08   30.62    34.8    22.4    28.6    28.3     0.0    28.34 C    52.0    24.3    35.6 -9999.0 -9999.0 -9999.0   0.149   0.216 -99.000 -99.000 -99.000    29.9    29.2 -9999.0 -9999.0 -9999.0
23907 20150718  2.423  -98.08   30.62    35.4    22.9    29.1    28.6     0.0    26.57 C    52.0    25.1    35.5 -9999.0 -9999.0 -9999.0   0.146   0.215 -99.000 -99.000 -99.000    30.2    29.5 -9999.0 -9999.0 -9999.0
23907 20150719  2.423  -98.08   30.62    35.5    22.6    29.1    28.5     0.0    25.09 C    52.4    24.7    35.4 -9999.0 -9999.0 -9999.0   0.143   0.213 -99.000 -99.000 -99.000    30.3    29.6 -9999.0 -9999.0 -9999.0
23907 20150720  2.423  -98.08   30.62    36.0    22.6    29.3    28.9     0.0    28.17 C    52.9    24.8    36.2 -9999.0 -9999.0 -9999.0   0.141   0.211 -99.000 -99.000 -99.000    30.5    29.7 -9999.0 -9999.0 -9999.0
23907 20150721  2.423  -98.08   30.62    36.2    22.9    29.6    28.8     0.0    27.43 C    53.0    25.5    36.2 -9999.0 -9999.0 -9999.0   0.138   0.209 -99.000 -99.000 -99.000    30.6    29.9 -9999.0 -9999.0 -9999.0
23907 20150722  2.423  -98.08   30.62    35.3    23.4    29.3    28.8     0.0    26.31 C    51.8    25.9    35.9 -9999.0 -9999.0 -9999.0   0.135   0.207 -99.000 -99.000 -99.000    30.8    30.0 -9999.0 -9999.0 -9999.0
23907 20150723  2.423  -98.08   30.62    35.8    22.7    29.3    29.0     0.0    27.70 C    51.7    24.7    35.9 -9999.0 -9999.0 -9999.0   0.133   0.205 -99.000 -99.000 -99.000    30.8    30.1 -9999.0 -9999.0 -9999.0
23907 20150724  2.423  -98.08   30.62    35.6    22.6    29.1    28.6     0.0    26.21 C    53.1    25.0    35.7 -9999.0 -9999.0 -9999.0   0.131   0.204 -99.000 -99.000 -99.000    30.8    30.1 -9999.0 -9999.0 -9999.0
23907 20150725  2.423  -98.08   30.62    35.6    22.0    28.8    28.6     0.0    27.74 C    53.1    24.5    36.4 -9999.0 -9999.0 -9999.0   0.129   0.202 -99.000 -99.000 -99.000    30.9    30.2 -9999.0 -9999.0 -9999.0
23907 20150726  2.423  -98.08   30.62    35.9    23.3    29.6    29.3     0.0    27.68 C    54.7    26.0    37.3 -9999.0 -9999.0 -9999.0   0.128   0.201 -99.000 -99.000 -99.000    31.3    30.5 -9999.0 -9999.0 -9999.0
23907 20150727  2.423  -98.08   30.62    35.8    23.1    29.5    29.1     0.0    27.04 C    53.1    26.2    36.9 -9999.0 -9999.0 -9999.0   0.127   0.199 -99.000 -99.000 -99.000    31.4    30.7 -9999.0 -9999.0 -9999.0
23907 20150728  2.423  -98.08   30.62    36.1    22.8    29.4    28.8     0.0    24.23 C    51.4    25.2    35.4 -9999.0 -9999.0 -9999.0   0.125   0.198 -99.000 -99.000 -99.000    31.2    30.5 -9999.0 -9999.0 -9999.0
23907 20150729  2.423  -98.08   30.62    37.2    22.1    29.7    29.3     0.0    26.84 C    53.9    24.7    36.4 -9999.0 -9999.0 -9999.0   0.124   0.195 -99.000 -99.000 -99.000    31.2    30.6 -9999.0 -9999.0 -9999.0
23907 20150730  2.423  -98.08   30.62    37.7    24.1    30.9    30.9     0.0    23.62 C    53.6    25.8    36.8 -9999.0 -9999.0 -9999.0   0.122   0.194 -99.000 -99.000 -99.000    31.0    30.4 -9999.0 -9999.0 -9999.0
23907 20150731  2.423  -98.08   30.62    38.5    25.1    31.8    31.7     0.0    23.26 C    52.1    27.2    37.2 -9999.0 -9999.0 -9999.0   0.121   0.193 -99.000 -99.000 -99.000    31.4    30.5 -9999.0 -9999.0 -9999.0
23907 20150801  2.423  -98.08   30.62    36.2    22.8    29.5    29.6     0.0    27.06 C    52.4    25.3    36.6 -9999.0 -9999.0 -9999.0   0.120   0.191 -99.000 -99.000 -99.000    31.1    30.5 -9999.0 -9999.0 -9999.0
23907 20150802  2.423  -98.08   30.62    36.5    24.4    30.5    29.9     0.0    25.22 C    53.4    27.0    37.1 -9999.0 -9999.0 -9999.0   0.118   0.189 -99.000 -99.000 -99.000    31.1    30.4 -9999.0 -9999.0 -9999.0
23907 20150803  2.423  -98.08   30.62    36.5    23.5    30.0    29.6     0.0    26.26 C    53.3    26.1    36.9 -9999.0 -9999.0 -9999.0   0.117   0.188 -99.000 -99.000 -99.000    31.3    30.5 -9999.0 -9999.0 -9999.0
23907 20150804  2.423  -98.08   30.62    36.5    23.4    30.0    29.4     0.0    24.44 C    53.1    26.2    36.6 -9999.0 -9999.0 -9999.0   0.116   0.187 -99.000 -99.000 -99.000    31.7    30.8 -9999.0 -9999.0 -9999.0
23907 20150805  2.423  -98.08   30.62    37.3    24.3    30.8    30.1     0.0    26.70 C    54.0    26.7    37.4 -9999.0 -9999.0 -9999.0   0.116   0.186 -99.000 -99.000 -99.000    32.1    31.2 -9999.0 -9999.0 -9999.0
23907 20150806  2.423  -98.08   30.62    37.7    23.4    30.6    29.9     0.0    26.97 C    53.4    26.0    37.0 -9999.0 -9999.0 -9999.0   0.115   0.185 -99.000 -99.000 -99.000    32.1    31.3 -9999.0 -9999.0 -9999.0
23907 20150807  2.423  -98.08   30.62    37.8    23.0    30.4    29.9     0.0    27.53 C    54.0    25.4    36.9 -9999.0 -9999.0 -9999.0   0.114   0.184 -99.000 -99.000 -99.000    32.1    31.3 -9999.0 -9999.0 -9999.0
23907 20150808  2.423  -98.08   30.62    37.7    23.2    30.4    29.8     0.0    26.49 C    53.6    25.8    36.9 -9999.0 -9999.0 -9999.0   0.114   0.184 -99.000 -99.000 -99.000    32.2    31.4 -9999.0 -9999.0 -9999.0
23907 20150809  2.423  -98.08   30.62    39.1    22.1    30.6    29.8     0.0    27.45 C    54.1    24.4    36.6 -9999.0 -9999.0 -9999.0   0.112   0.182 -99.000 -99.000 -99.000    32.0    31.3 -9999.0 -9999.0 -9999.0
23907 20150810  2.423  -98.08   30.62    39.7    22.2    31.0    30.5     0.0    27.10 C    55.4    25.0    37.3 -9999.0 -9999.0 -9999.0   0.112   0.181 -99.000 -99.000 -99.000    32.1    31.3 -9999.0 -9999.0 -9999.0
23907 20150811  2.423  -98.08   30.62    40.2    25.3    32.8    32.2     0.0    24.85 C    55.8    26.5    38.3 -9999.0 -9999.0 -9999.0   0.111   0.180 -99.000 -99.000 -99.000    32.3    31.4 -9999.0 -9999.0 -9999.0
23907 20150812  2.423  -98.08   30.62    39.7    26.5    33.1    32.3     0.0    22.42 C    54.5    28.8    38.4 -9999.0 -9999.0 -9999.0   0.111   0.180 -99.000 -99.000 -99.000    32.7    31.8 -9999.0 -9999.0 -9999.0
23907 20150813  2.423  -98.08   30.62    38.8    25.8    32.3    31.8     0.0    24.15 C    53.5    28.0    38.1 -9999.0 -9999.0 -9999.0   0.110   0.179 -99.000 -99.000 -99.000    32.7    31.8 -9999.0 -9999.0 -9999.0
23907 20150814  2.423  -98.08   30.62    37.4    24.6    31.0    30.6     0.0    20.66 C    53.3    27.8    36.9 -9999.0 -9999.0 -9999.0   0.109   0.177 -99.000 -99.000 -99.000    32.4    31.7 -9999.0 -9999.0 -9999.0
23907 20150815  2.423  -98.08   30.62    34.7    22.7    28.7    28.7     6.5    19.04 C    46.5    25.5    33.2 -9999.0 -9999.0 -9999.0   0.115   0.176 -99.000 -99.000 -99.000    30.5    30.6 -9999.0 -9999.0 -9999.0
23907 20150816  2.423  -98.08   30.62    35.8    23.0    29.4    28.7     0.0    23.94 C    48.9    24.5    33.9 -9999.0 -9999.0 -9999.0   0.120   0.176 -99.000 -99.000 -99.000    29.1    29.3 -9999.0 -9999.0 -9999.0
23907 20150817  2.423  -98.08   30.62    35.3    22.1    28.7    28.1     0.0    24.43 C    50.2    24.6    34.4 -9999.0 -9999.0 -9999.0   0.123   0.178 -99.000 -99.000 -99.000    29.3    29.3 -9999.0 -9999.0 -9999.0
23907 20150818  2.423  -98.08   30.62    35.4    22.7    29.1    28.7     0.0    23.19 C    49.4    24.8    34.3 -9999.0 -9999.0 -9999.0   0.125   0.179 -99.000 -99.000 -99.000    29.7    29.4 -9999.0 -9999.0 -9999.0
23907 20150819  2.423  -98.08   30.62    35.5    23.8    29.7    28.6     0.0    22.14 C    51.3    25.5    34.7 -9999.0 -9999.0 -9999.0   0.125   0.181 -99.000 -99.000 -99.000    30.2    29.8 -9999.0 -9999.0 -9999.0
23907 20150820  2.423  -98.08   30.62    28.7    21.2    24.9    23.6     3.4     9.97 C    39.6    23.2    28.3 -9999.0 -9999.0 -9999.0   0.122   0.180 -99.000 -99.000 -99.000    28.6    28.8 -9999.0 -9999.0 -9999.0
23907 20150821  2.423  -98.08   30.62    32.0    20.3    26.1    25.1     2.6    19.07 C    40.4    22.2    29.3 -9999.0 -9999.0 -9999.0   0.122   0.179 -99.000 -99.000 -99.000    27.8    28.0 -9999.0 -9999.0 -9999.0
23907 20150822  2.423  -98.08   30.62    35.4    23.1    29.2    28.7     0.0    22.90 C    45.6    24.1    32.3 -9999.0 -9999.0 -9999.0   0.126   0.177 -99.000 -99.000 -99.000    28.6    28.3 -9999.0 -9999.0 -9999.0
23907 20150823  2.423  -98.08   30.62    37.5    23.4    30.4    29.5     0.0    24.45 C    50.0    24.4    34.3 -9999.0 -9999.0 -9999.0   0.129   0.177 -99.000 -99.000 -99.000    29.3    28.8 -9999.0 -9999.0 -9999.0
23907 20150824  2.423  -98.08   30.62    37.0    23.8    30.4    30.0     0.0    21.32 C    53.1    25.2    34.8 -9999.0 -9999.0 -9999.0   0.129   0.176 -99.000 -99.000 -99.000    29.4    29.0 -9999.0 -9999.0 -9999.0
23907 20150825  2.423  -98.08   30.62    37.2    23.9    30.6    27.8     0.0    18.13 C    52.8    25.9    32.8 -9999.0 -9999.0 -9999.0   0.128   0.176 -99.000 -99.000 -99.000    29.1    28.9 -9999.0 -9999.0 -9999.0
23907 20150826  2.423  -98.08   30.62    35.3    20.7    28.0    27.9     0.0    20.23 C    48.8    23.4    33.0 -9999.0 -9999.0 -9999.0   0.126   0.176 -99.000 -99.000 -99.000    28.8    28.5 -9999.0 -9999.0 -9999.0
23907 20150827  2.423  -98.08   30.62    35.9    22.6    29.3    28.6     0.0    22.90 C    50.7    24.3    34.1 -9999.0 -9999.0 -9999.0   0.125   0.175 -99.000 -99.000 -99.000    29.4    28.9 -9999.0 -9999.0 -9999.0
23907 20150828  2.423  -98.08   30.62    36.0    21.6    28.8    27.9     0.0    24.11 C    49.4    23.0    33.5 -9999.0 -9999.0 -9999.0   0.123   0.175 -99.000 -99.000 -99.000    29.1    28.7 -9999.0 -9999.0 -9999.0
23907 20150829  2.423  -98.08   30.62    34.7    20.5    27.6    27.4     0.0    21.88 C    49.7    22.6    33.5 -9999.0 -9999.0 -9999.0   0.120   0.174 -99.000 -99.000 -99.000    29.2    28.8 -9999.0 -9999.0 -9999.0
23907 20150830  2.423  -98.08   30.62    34.2    21.4    27.8    25.2    18.6    15.50 C    51.5    23.9    30.4 -9999.0 -9999.0 -9999.0   0.179   0.228 -99.000 -99.000 -99.000    28.5    28.4 -9999.0 -9999.0 -9999.0
23907 20150831  2.423  -98.08   30.62    33.5    21.8    27.7    26.7     0.0    24.41 C    45.1    23.1    31.2 -9999.0 -9999.0 -9999.0   0.292   0.302 -99.000 -99.000 -99.000    27.7    27.7 -9999.0 -9999.0 -9999.0
23907 20150901  2.423  -98.08   30.62    33.3    21.5    27.4    26.3     0.0    20.33 C    45.4    23.3    31.1 -9999.0 -9999.0 -9999.0   0.282   0.286 -99.000 -99.000 -99.000    27.7    27.7 -9999.0 -9999.0 -9999.0
23907 20150902  2.423  -98.08   30.62    33.0    19.8    26.4    25.9     0.0    23.81 C    47.0    22.0    31.8 -9999.0 -9999.0 -9999.0   0.267   0.273 -99.000 -99.000 -99.000    27.4    27.4 -9999.0 -9999.0 -9999.0
23907 20150903  2.423  -98.08   30.62    33.2    21.1    27.1    26.4     0.0    18.48 C    46.6    23.3    31.5 -9999.0 -9999.0 -9999.0   0.253   0.264 -99.000 -99.000 -99.000    27.5    27.4 -9999.0 -9999.0 -9999.0
23907 20150904  2.423  -98.08   30.62    34.4    22.2    28.3    27.7     0.0    19.01 C    47.5    24.1    32.6 -9999.0 -9999.0 -9999.0   0.239   0.254 -99.000 -99.000 -99.000    28.0    27.8 -9999.0 -9999.0 -9999.0
23907 20150905  2.423  -98.08   30.62    35.6    23.7    29.7    28.4     0.0    18.38 C    48.2    25.4    33.0 -9999.0 -9999.0 -9999.0   0.224   0.245 -99.000 -99.000 -99.000    28.4    28.2 -9999.0 -9999.0 -9999.0
23907 20150906  2.423  -98.08   30.62    35.2    23.1    29.1    28.7     0.0    21.41 C    49.3    24.3    33.6 -9999.0 -9999.0 -9999.0   0.208   0.236 -99.000 -99.000 -99.000    28.6    28.4 -9999.0 -9999.0 -9999.0
23907 20150907  2.423  -98.08   30.62    36.5    23.1    29.8    29.2     0.0    23.53 C    51.8    24.8    34.9 -9999.0 -9999.0 -9999.0   0.193   0.227 -99.000 -99.000 -99.000    29.0    28.7 -9999.0 -9999.0 -9999.0
23907 20150908  2.423  -98.08   30.62    35.5    22.9    29.2    28.7     0.0    22.01 C    50.0    25.1    34.5 -9999.0 -9999.0 -9999.0   0.180   0.219 -99.000 -99.000 -99.000    29.2    28.8 -9999.0 -9999.0 -9999.0
23907 20150909  2.423  -98.08   30.62    31.3    22.8    27.1    26.0     0.0    10.00 C    41.3    25.3    29.9 -9999.0 -9999.0 -9999.0   0.170   0.212 -99.000 -99.000 -99.000    28.5    28.5 -9999.0 -9999.0 -9999.0
23907 20150910  2.423  -98.08   30.62    34.3    21.6    27.9    25.8     5.5    18.53 C    48.2    24.0    31.6 -9999.0 -9999.0 -9999.0   0.166   0.209 -99.000 -99.000 -99.000    28.4    28.2 -9999.0 -9999.0 -9999.0
23907 20150911  2.423  -98.08   30.62    33.1    21.8    27.5    26.1     0.0    20.44 C    42.8    23.7    30.3 -9999.0 -9999.0 -9999.0   0.166   0.205 -99.000 -99.000 -99.000    27.4    27.6 -9999.0 -9999.0 -9999.0
23907 20150912  2.423  -98.08   30.62    31.1    18.9    25.0    24.5     0.0    24.09 C    43.1    20.5    29.2 -9999.0 -9999.0 -9999.0   0.162   0.203 -99.000 -99.000 -99.000    26.0    26.6 -9999.0 -9999.0 -9999.0
23907 20150913  2.423  -98.08   30.62    31.6    19.2    25.4    24.5     0.0    23.11 C    44.3    20.5    29.4 -9999.0 -9999.0 -9999.0   0.159   0.201 -99.000 -99.000 -99.000    25.2    25.6 -9999.0 -9999.0 -9999.0
23907 20150914  2.423  -98.08   30.62    31.4    17.1    24.2    23.9     0.0    24.18 C    44.8    19.2    29.3 -9999.0 -9999.0 -9999.0   0.157   0.197 -99.000 -99.000 -99.000    25.7    25.8 -9999.0 -9999.0 -9999.0
23907 20150915  2.423  -98.08   30.62    32.8    21.3    27.1    25.6     0.0    15.16 C    44.3    23.6    30.3 -9999.0 -9999.0 -9999.0   0.155   0.195 -99.000 -99.000 -99.000    27.0    26.7 -9999.0 -9999.0 -9999.0
23907 20150916  2.423  -98.08   30.62    30.7    22.2    26.4    25.0     5.6    12.15 C    37.1    23.9    27.7 -9999.0 -9999.0 -9999.0   0.158   0.193 -99.000 -99.000 -99.000    26.9    26.9 -9999.0 -9999.0 -9999.0
23907 20150917  2.423  -98.08   30.62    33.3    21.8    27.6    26.7     0.0    18.64 C    41.1    22.7    29.6 -9999.0 -9999.0 -9999.0   0.162   0.194 -99.000 -99.000 -99.000    26.9    26.7 -9999.0 -9999.0 -9999.0
23907 20150918  2.423  -98.08   30.62    33.9    21.9    27.9    27.2     0.0    19.67 C    44.1    22.7    30.7 -9999.0 -9999.0 -9999.0   0.160   0.195 -99.000 -99.000 -99.000    27.1    26.9 -9999.0 -9999.0 -9999.0
23907 20150919  2.423  -98.08   30.62    34.0    22.0    28.0    26.8     0.0    18.19 C    44.4    23.3    30.5 -9999.0 -9999.0 -9999.0   0.158   0.194 -99.000 -99.000 -99.000    27.0    26.9 -9999.0 -9999.0 -9999.0
23907 20150920  2.423  -98.08   30.62    33.4    20.7    27.0    26.8     0.0    22.09 C    46.1    21.0    31.3 -9999.0 -9999.0 -9999.0   0.154   0.192 -99.000 -99.000 -99.000    26.5    26.5 -9999.0 -9999.0 -9999.0
23907 20150921  2.423  -98.08   30.62    33.7    20.5    27.1    27.1     0.0    22.13 C    46.4    22.0    31.8 -9999.0 -9999.0 -9999.0   0.151   0.190 -99.000 -99.000 -99.000    27.0    26.8 -9999.0 -9999.0 -9999.0
23907 20150922  2.423  -98.08   30.62    34.1    21.5    27.8    27.1     0.0    21.40 C    46.4    22.5    31.7 -9999.0 -9999.0 -9999.0   0.146   0.187 -99.000 -99.000 -99.000    27.0    26.7 -9999.0 -9999.0 -9999.0
23907 20150923  2.423  -98.08   30.62    33.1    20.1    26.6    26.2     0.0    21.66 C    47.6    20.4    30.9 -9999.0 -9999.0 -9999.0   0.142   0.186 -99.000 -99.000 -99.000    26.9    26.7 -9999.0 -9999.0 -9999.0
23907 20150924  2.423  -98.08   30.62    32.9    20.1    26.5    26.1     0.0    19.32 C    44.7    21.3    30.4 -9999.0 -9999.0 -9999.0   0.138   0.184 -99.000 -99.000 -99.000    26.5    26.4 -9999.0 -9999.0 -9999.0
23907 20150925  2.423  -98.08   30.62    33.6    21.0    27.3    26.1     0.0    16.87 C    45.5    22.4    29.5 -9999.0 -9999.0 -9999.0   0.134   0.184 -99.000 -99.000 -99.000    26.4    26.3 -9999.0 -9999.0 -9999.0
23907 20150926  2.423  -98.08   30.62    33.5    21.2    27.3    26.4     0.0    19.92 C    45.9    21.2    29.8 -9999.0 -9999.0 -9999.0   0.131   0.182 -99.000 -99.000 -99.000    26.2    26.1 -9999.0 -9999.0 -9999.0
23907 20150927  2.423  -98.08   30.62    33.1    21.1    27.1    25.9     0.0    16.74 C    44.5    21.0    28.9 -9999.0 -9999.0 -9999.0   0.128   0.181 -99.000 -99.000 -99.000    26.1    25.9 -9999.0 -9999.0 -9999.0
23907 20150928  2.423  -98.08   30.62    30.1    19.3    24.7    23.8     0.0    12.39 C    40.4    20.6    26.9 -9999.0 -9999.0 -9999.0   0.124   0.180 -99.000 -99.000 -99.000    25.8    25.8 -9999.0 -9999.0 -9999.0
23907 20150929  2.423  -98.08   30.62    33.1    19.2    26.1    25.5     0.0    17.66 C    43.9    20.6    28.9 -9999.0 -9999.0 -9999.0   0.124   0.179 -99.000 -99.000 -99.000    26.0    25.8 -9999.0 -9999.0 -9999.0
23907 20150930  2.423  -98.08   30.62    33.9    21.1    27.5    26.7     0.0    20.55 C    45.1    21.7    30.5 -9999.0 -9999.0 -9999.0   0.123   0.179 -99.000 -99.000 -99.000    26.6    26.3 -9999.0 -9999.0 -9999.0
23907 20151001  2.423  -98.08   30.62    33.7    20.4    27.0    25.9     0.0    20.36 C    45.7    21.7    30.4 -9999.0 -9999.0 -9999.0   0.121   0.177 -99.000 -99.000 -99.000    26.8    26.4 -9999.0 -9999.0 -9999.0
23907 20151002  2.423  -98.08   30.62    30.2    16.7    23.5    22.2     0.0    20.08 C    42.2    19.2    27.4 -9999.0 -9999.0 -9999.0   0.117   0.175 -99.000 -99.000 -99.000    25.5    25.7 -9999.0 -9999.0 -9999.0
23907 20151003  2.423  -98.08   30.62    29.7    13.9    21.8    21.0     0.0    20.98 C    41.7    16.2    26.2 -9999.0 -9999.0 -9999.0   0.114   0.173 -99.000 -99.000 -99.000    24.4    24.6 -9999.0 -9999.0 -9999.0
23907 20151004  2.423  -98.08   30.62    29.2    15.7    22.4    21.9     0.0    20.39 C    41.8    17.4    26.6 -9999.0 -9999.0 -9999.0   0.113   0.172 -99.000 -99.000 -99.000    24.3    24.4 -9999.0 -9999.0 -9999.0
23907 20151005  2.423  -98.08   30.62    28.1    18.6    23.3    21.9     0.0    11.09 C    35.1    20.1    25.4 -9999.0 -9999.0 -9999.0   0.111   0.171 -99.000 -99.000 -99.000    24.5    24.5 -9999.0 -9999.0 -9999.0
23907 20151006  2.423  -98.08   30.62    30.3    15.2    22.7    22.5     0.0    20.03 C    43.0    16.8    26.6 -9999.0 -9999.0 -9999.0   0.110   0.169 -99.000 -99.000 -99.000    24.4    24.4 -9999.0 -9999.0 -9999.0
23907 20151007  2.423  -98.08   30.62    32.2    18.1    25.1    24.8     0.0    18.31 C    44.1    18.2    28.1 -9999.0 -9999.0 -9999.0   0.110   0.169 -99.000 -99.000 -99.000    24.9    24.6 -9999.0 -9999.0 -9999.0
23907 20151008  2.423  -98.08   30.62    30.7    19.4    25.0    24.5     0.0    16.00 C    41.5    20.1    28.4 -9999.0 -9999.0 -9999.0   0.110   0.168 -99.000 -99.000 -99.000    25.8    25.4 -9999.0 -9999.0 -9999.0
23907 20151009  2.423  -98.08   30.62    29.8    21.4    25.6    24.8     0.0     9.91 C    34.8    22.8    27.1 -9999.0 -9999.0 -9999.0   0.111   0.167 -99.000 -99.000 -99.000    25.9    25.6 -9999.0 -9999.0 -9999.0
23907 20151010  2.423  -98.08   30.62    30.9    16.6    23.8    23.5     0.0    18.66 C    41.9    18.7    27.5 -9999.0 -9999.0 -9999.0   0.110   0.167 -99.000 -99.000 -99.000    25.4    25.2 -9999.0 -9999.0 -9999.0
23907 20151011  2.423  -98.08   30.62    33.8    19.9    26.9    26.3     0.0    19.38 C    43.9    20.2    29.0 -9999.0 -9999.0 -9999.0   0.110   0.166 -99.000 -99.000 -99.000    25.8    25.4 -9999.0 -9999.0 -9999.0
23907 20151012  2.423  -98.08   30.62    36.9    21.1    29.0    28.1     0.0    19.49 C    45.9    21.5    31.0 -9999.0 -9999.0 -9999.0   0.111   0.167 -99.000 -99.000 -99.000    27.2    26.4 -9999.0 -9999.0 -9999.0
23907 20151013  2.423  -98.08   30.62    32.6    19.7    26.2    25.9     0.0    20.70 C    42.9    20.5    28.4 -9999.0 -9999.0 -9999.0   0.108   0.165 -99.000 -99.000 -99.000    25.9    25.9 -9999.0 -9999.0 -9999.0
23907 20151014  2.423  -98.08   30.62    34.1    19.2    26.7    26.3     0.0    20.34 C    43.6    16.4    27.2 -9999.0 -9999.0 -9999.0   0.105   0.163 -99.000 -99.000 -99.000    24.6    24.6 -9999.0 -9999.0 -9999.0
23907 20151015  2.423  -98.08   30.62    33.0    17.4    25.2    24.4     0.0    19.92 C    42.4    17.6    27.0 -9999.0 -9999.0 -9999.0   0.104   0.163 -99.000 -99.000 -99.000    25.1    24.9 -9999.0 -9999.0 -9999.0
23907 20151016  2.423  -98.08   30.62    31.2    17.2    24.2    23.8     0.0    19.18 C    41.5    16.7    26.6 -9999.0 -9999.0 -9999.0   0.103   0.162 -99.000 -99.000 -99.000    24.8    24.7 -9999.0 -9999.0 -9999.0
23907 20151017  2.423  -98.08   30.62    29.1    14.9    22.0    21.8     0.0    19.34 C    39.9    16.8    25.4 -9999.0 -9999.0 -9999.0   0.102   0.161 -99.000 -99.000 -99.000    24.4    24.4 -9999.0 -9999.0 -9999.0
23907 20151018  2.423  -98.08   30.62    27.4    13.6    20.5    20.2     0.0    19.44 C    38.2    14.6    23.6 -9999.0 -9999.0 -9999.0   0.099   0.159 -99.000 -99.000 -99.000    23.0    23.4 -9999.0 -9999.0 -9999.0
23907 20151019  2.423  -98.08   30.62    27.7    14.3    21.0    20.5     0.0    19.16 C    38.5    13.9    23.5 -9999.0 -9999.0 -9999.0   0.098   0.157 -99.000 -99.000 -99.000    22.7    22.9 -9999.0 -9999.0 -9999.0
23907 20151020  2.423  -98.08   30.62    27.9    13.5    20.7    21.0     0.0    17.42 C    38.8    15.0    24.5 -9999.0 -9999.0 -9999.0   0.100   0.158 -99.000 -99.000 -99.000    23.6    23.4 -9999.0 -9999.0 -9999.0
23907 20151021  2.423  -98.08   30.62    29.1    20.5    24.8    23.3     5.6     9.09 C    35.3    20.5    25.8 -9999.0 -9999.0 -9999.0   0.110   0.157 -99.000 -99.000 -99.000    25.1    24.7 -9999.0 -9999.0 -9999.0
23907 20151022  2.423  -98.08   30.62    24.7    19.6    22.1    22.0     2.3     4.71 C    27.8    20.3    22.9 -9999.0 -9999.0 -9999.0   0.128   0.158 -99.000 -99.000 -99.000    24.0    24.1 -9999.0 -9999.0 -9999.0
23907 20151023  2.423  -98.08   30.62    26.1    21.2    23.6    22.7     9.4     6.33 C    28.6    21.5    23.8 -9999.0 -9999.0 -9999.0   0.154   0.174 -99.000 -99.000 -99.000    24.3    24.3 -9999.0 -9999.0 -9999.0
23907 20151024  2.423  -98.08   30.62    22.6    13.3    17.9    17.6    88.4     1.04 C    23.0    14.5    18.6 -9999.0 -9999.0 -9999.0   0.513   0.489 -99.000 -99.000 -99.000    21.2    21.5 -9999.0 -9999.0 -9999.0
23907 20151025  2.423  -98.08   30.62    17.3    12.5    14.9    14.3     3.8     6.08 C    23.3    13.5    15.8 -9999.0 -9999.0 -9999.0   0.496   0.481 -99.000 -99.000 -99.000    18.6    19.6 -9999.0 -9999.0 -9999.0
23907 20151026  2.423  -98.08   30.62    23.7    12.0    17.8    17.7     0.0    17.23 C    30.0    12.2    19.1 -9999.0 -9999.0 -9999.0   0.439   0.426 -99.000 -99.000 -99.000    18.7    19.3 -9999.0 -9999.0 -9999.0
23907 20151027  2.423  -98.08   30.62    27.0    12.4    19.7    19.5     0.0    18.55 C    32.4    12.6    20.3 -9999.0 -9999.0 -9999.0   0.416   0.399 -99.000 -99.000 -99.000    19.3    19.6 -9999.0 -9999.0 -9999.0
23907 20151028  2.423  -98.08   30.62    25.2    15.6    20.4    19.6     0.0    16.60 C    31.0    14.3    19.6 -9999.0 -9999.0 -9999.0   0.398   0.385 -99.000 -99.000 -99.000    19.0    19.4 -9999.0 -9999.0 -9999.0
23907 20151029  2.423  -98.08   30.62    25.8    12.9    19.4    19.7     0.0    17.65 C    32.8    11.1    20.5 -9999.0 -9999.0 -9999.0   0.383   0.373 -99.000 -99.000 -99.000    18.6    18.9 -9999.0 -9999.0 -9999.0
23907 20151030  2.423  -98.08   30.62    22.9    18.5    20.7    20.8   105.4     1.25 C    22.8    19.0    21.1 -9999.0 -9999.0 -9999.0   0.569   0.491 -99.000 -99.000 -99.000    20.6    20.4 -9999.0 -9999.0 -9999.0
23907 20151031  2.423  -98.08   30.62    24.3    15.8    20.0    19.0    26.9     9.17 C    28.3    16.6    20.5 -9999.0 -9999.0 -9999.0   0.573   0.496 -99.000 -99.000 -99.000    20.5    20.6 -9999.0 -9999.0 -9999.0
23907 20151101  2.423  -98.08   30.62    22.6    12.6    17.6    16.2     0.0    11.70 C    29.3    14.0    18.8 -9999.0 -9999.0 -9999.0   0.488   0.439 -99.000 -99.000 -99.000    19.3    19.8 -9999.0 -9999.0 -9999.0
23907 20151102  2.423  -98.08   30.62    26.6    11.4    19.0    18.2     0.0    17.61 C    32.0    12.2    19.8 -9999.0 -9999.0 -9999.0   0.455   0.419 -99.000 -99.000 -99.000    19.0    19.2 -9999.0 -9999.0 -9999.0
23907 20151103  2.423  -98.08   30.62    25.1    14.3    19.7    18.7     0.0    16.15 C    31.8    13.9    20.4 -9999.0 -9999.0 -9999.0   0.434   0.399 -99.000 -99.000 -99.000    19.4    19.4 -9999.0 -9999.0 -9999.0
23907 20151104  2.423  -98.08   30.62    23.1    15.6    19.4    19.6     0.0     6.44 C    27.7    15.9    21.1 -9999.0 -9999.0 -9999.0   0.421   0.389 -99.000 -99.000 -99.000    20.1    20.0 -9999.0 -9999.0 -9999.0
23907 20151105  2.423  -98.08   30.62    27.6    20.5    24.0    23.2     5.9     6.18 C    31.6    20.7    23.3 -9999.0 -9999.0 -9999.0   0.451   0.410 -99.000 -99.000 -99.000    21.8    21.4 -9999.0 -9999.0 -9999.0
23907 20151106  2.423  -98.08   30.62    23.2    14.5    18.8    16.8     6.0     3.06 C    22.8    16.3    18.1 -9999.0 -9999.0 -9999.0   0.487   0.452 -99.000 -99.000 -99.000    19.8    20.4 -9999.0 -9999.0 -9999.0
23907 20151107  2.423  -98.08   30.62    17.1    10.5    13.8    13.2    13.9     6.57 C    20.8    11.1    14.8 -9999.0 -9999.0 -9999.0   0.542   0.492 -99.000 -99.000 -99.000    17.5    18.1 -9999.0 -9999.0 -9999.0
23907 20151108  2.423  -98.08   30.62    19.5     8.9    14.2    13.2     0.0    15.97 C    25.9     9.4    15.5 -9999.0 -9999.0 -9999.0   0.488   0.451 -99.000 -99.000 -99.000    16.0    16.8 -9999.0 -9999.0 -9999.0
23907 20151109  2.423  -98.08   30.62    20.8    10.0    15.4    15.2     0.0    12.05 C    26.5    10.7    17.0 -9999.0 -9999.0 -9999.0   0.457   0.428 -99.000 -99.000 -99.000    16.5    16.8 -9999.0 -9999.0 -9999.0
23907 20151110  2.423  -98.08   30.62    22.0    16.1    19.0    18.8     0.0     4.42 C    24.4    15.1    19.0 -9999.0 -9999.0 -9999.0   0.442   0.409 -99.000 -99.000 -99.000    18.2    18.0 -9999.0 -9999.0 -9999.0
23907 20151111  2.423  -98.08   30.62 -9999.0 -9999.0 -9999.0 -9999.0 -9999.0 -9999.00 U -9999.0 -9999.0 -9999.0 -9999.0 -9999.0 -9999.0 -99.000 -99.000 -99.000 -99.000 -99.000 -9999.0 -9999.0 -9999.0 -9999.0 -9999.0
23907 20151112  2.423  -98.08   30.62    20.5    10.0    15.2    14.8     0.0    15.60 C    27.9    10.5    16.8 -9999.0 -9999.0 -9999.0   0.412   0.386 -99.000 -99.000 -99.000    17.0    17.8 -9999.0 -9999.0 -9999.0
23907 20151113  2.423  -98.08   30.62    18.6    10.2    14.4    14.2     0.0     9.28 C    26.0    11.4    17.1 -9999.0 -9999.0 -9999.0   0.399   0.378 -99.000 -99.000 -99.000    16.6    17.1 -9999.0 -9999.0 -9999.0
23907 20151114  2.423  -98.08   30.62    17.5    10.1    13.8    12.0     7.5     4.93 C    24.0    11.5    15.0 -9999.0 -9999.0 -9999.0   0.408   0.388 -99.000 -99.000 -99.000    15.9    16.5 -9999.0 -9999.0 -9999.0
23907 20151115  2.423  -98.08   30.62    18.6    10.5    14.6    14.5     0.0     4.01 C    20.0    11.9    15.7 -9999.0 -9999.0 -9999.0   0.437   0.414 -99.000 -99.000 -99.000    16.1    16.5 -9999.0 -9999.0 -9999.0
23907 20151116  2.423  -98.08   30.62    22.5    17.1    19.8    19.5     0.3     1.56 C    21.2    17.4    19.3 -9999.0 -9999.0 -9999.0   0.432   0.400 -99.000 -99.000 -99.000    18.4    18.0 -9999.0 -9999.0 -9999.0
23907 20151117  2.423  -98.08   30.62    22.7    10.1    16.4    15.5     7.3     7.53 C    21.2     9.7    16.0 -9999.0 -9999.0 -9999.0   0.467   0.440 -99.000 -99.000 -99.000    17.2    17.7 -9999.0 -9999.0 -9999.0
23907 20151118  2.423  -98.08   30.62    21.8     7.0    14.4    14.4     0.0    16.03 C    26.4     6.6    14.2 -9999.0 -9999.0 -9999.0   0.443   0.419 -99.000 -99.000 -99.000    15.0    15.6 -9999.0 -9999.0 -9999.0
23907 20151119  2.423  -98.08   30.62    24.6    11.9    18.2    16.9     0.0    15.70 C    29.1     8.6    16.3 -9999.0 -9999.0 -9999.0   0.426   0.403 -99.000 -99.000 -99.000    15.2    15.6 -9999.0 -9999.0 -9999.0
23907 20151120  2.423  -98.08   30.62    23.2    12.6    17.9    17.1     0.0    14.74 C    28.4    10.8    17.4 -9999.0 -9999.0 -9999.0   0.416   0.391 -99.000 -99.000 -99.000    16.2    16.2 -9999.0 -9999.0 -9999.0
23907 20151121  2.423  -98.08   30.62    17.5     2.5    10.0    11.4     0.0    15.07 C    21.2     4.4    14.1 -9999.0 -9999.0 -9999.0   0.402   0.384 -99.000 -99.000 -99.000    15.1    15.9 -9999.0 -9999.0 -9999.0
23907 20151122  2.423  -98.08   30.62    13.4     0.2     6.8     6.1     0.0    16.16 C    21.9     1.6     8.8 -9999.0 -9999.0 -9999.0   0.385   0.377 -99.000 -99.000 -99.000    11.9    13.2 -9999.0 -9999.0 -9999.0
23907 20151123  2.423  -98.08   30.62    16.3     3.1     9.7     9.3     0.0    15.50 C    23.2     1.8    10.7 -9999.0 -9999.0 -9999.0   0.376   0.368 -99.000 -99.000 -99.000    11.4    12.3 -9999.0 -9999.0 -9999.0
23907 20151124  2.423  -98.08   30.62    16.6     7.3    11.9    12.4     0.0     4.91 C    19.2     7.4    13.1 -9999.0 -9999.0 -9999.0   0.375   0.360 -99.000 -99.000 -99.000    13.3    13.4 -9999.0 -9999.0 -9999.0
23907 20151125  2.423  -98.08   30.62    20.3    14.9    17.6    17.6     0.5     3.65 C    22.0    14.0    17.4 -9999.0 -9999.0 -9999.0   0.377   0.354 -99.000 -99.000 -99.000    16.0    15.6 -9999.0 -9999.0 -9999.0
23907 20151126  2.423  -98.08   30.62    21.6    18.2    19.9    19.8    14.0     2.21 C    22.6    17.1    19.5 -9999.0 -9999.0 -9999.0   0.402   0.368 -99.000 -99.000 -99.000    17.9    17.3 -9999.0 -9999.0 -9999.0
23907 20151127  2.423  -98.08   30.62    20.7     2.6    11.6    12.7    21.4     1.10 C    20.8     5.9    14.6 -9999.0 -9999.0 -9999.0   0.543   0.481 -99.000 -99.000 -99.000    17.3    17.4 -9999.0 -9999.0 -9999.0
23907 20151128  2.423  -98.08   30.62     4.5     2.2     3.3     3.4    23.4     1.55 C     8.0     4.6     6.1 -9999.0 -9999.0 -9999.0   0.605   0.508 -99.000 -99.000 -99.000    10.9    11.8 -9999.0 -9999.0 -9999.0
23907 20151129  2.423  -98.08   30.62     6.2     3.4     4.8     4.6     3.6     2.00 C    10.1     5.5     7.0 -9999.0 -9999.0 -9999.0   0.546   0.470 -99.000 -99.000 -99.000    10.8    11.7 -9999.0 -9999.0 -9999.0
23907 20151130  2.423  -98.08   30.62    11.0     5.1     8.0     7.3     0.0     5.69 C    16.4     6.8     9.5 -9999.0 -9999.0 -9999.0   0.520   0.451 -99.000 -99.000 -99.000    11.4    11.9 -9999.0 -9999.0 -9999.0
23907 20151201  2.423  -98.08   30.62    13.8     5.1     9.5     8.7     0.0     9.05 C    19.6     6.2    10.3 -9999.0 -9999.0 -9999.0   0.485   0.421 -99.000 -99.000 -99.000    11.6    12.0 -9999.0 -9999.0 -9999.0
23907 20151202  2.423  -98.08   30.62    17.7     5.1    11.4    10.7     0.0    14.85 C    22.5     4.6    10.9 -9999.0 -9999.0 -9999.0   0.464   0.408 -99.000 -99.000 -99.000    11.4    11.8 -9999.0 -9999.0 -9999.0
23907 20151203  2.423  -98.08   30.62    16.2     5.4    10.8    10.0     0.0    14.80 C    22.3     4.0    10.5 -9999.0 -9999.0 -9999.0   0.445   0.398 -99.000 -99.000 -99.000    11.0    11.5 -9999.0 -9999.0 -9999.0
23907 20151204  2.423  -98.08   30.62    15.8     5.5    10.7     9.9     0.0    14.70 C    22.1     3.4    10.1 -9999.0 -9999.0 -9999.0   0.431   0.383 -99.000 -99.000 -99.000    10.5    11.0 -9999.0 -9999.0 -9999.0
23907 20151205  2.423  -98.08   30.62    16.8     4.3    10.6    10.1     0.0    14.32 C    22.1     3.7    10.6 -9999.0 -9999.0 -9999.0   0.421   0.372 -99.000 -99.000 -99.000    10.6    11.0 -9999.0 -9999.0 -9999.0
23907 20151206  2.423  -98.08   30.62    18.6     7.4    13.0    12.2     0.0    14.11 C    24.1     6.4    12.3 -9999.0 -9999.0 -9999.0   0.416   0.364 -99.000 -99.000 -99.000    11.5    11.7 -9999.0 -9999.0 -9999.0
23907 20151207  2.423  -98.08   30.62    19.4     7.3    13.4    12.6     0.0    14.78 C    24.8     5.4    12.3 -9999.0 -9999.0 -9999.0   0.409   0.357 -99.000 -99.000 -99.000    11.7    11.9 -9999.0 -9999.0 -9999.0
23907 20151208  2.423  -98.08   30.62    23.8     8.2    16.0    14.9     0.0    12.20 C    26.4     6.3    13.5 -9999.0 -9999.0 -9999.0   0.402   0.354 -99.000 -99.000 -99.000    12.4    12.3 -9999.0 -9999.0 -9999.0
23907 20151209  2.423  -98.08   30.62    22.6    10.0    16.3    16.1     0.0    12.88 C    27.9     7.6    14.9 -9999.0 -9999.0 -9999.0   0.398   0.355 -99.000 -99.000 -99.000    13.3    13.2 -9999.0 -9999.0 -9999.0
23907 20151210  2.423  -98.08   30.62    25.9    13.9    19.9    18.0     0.0    11.16 C    28.3    11.1    16.8 -9999.0 -9999.0 -9999.0   0.395   0.352 -99.000 -99.000 -99.000    14.6    14.2 -9999.0 -9999.0 -9999.0
23907 20151211  2.423  -98.08   30.62    22.7    11.4    17.0    17.2     0.0     9.87 C    26.1     9.4    16.4 -9999.0 -9999.0 -9999.0   0.391   0.348 -99.000 -99.000 -99.000    14.8    14.5 -9999.0 -9999.0 -9999.0
23907 20151212  2.423  -98.08   30.62    22.0    19.4    20.7    20.4     1.2     1.69 C    21.1    17.9    19.3 -9999.0 -9999.0 -9999.0   0.394   0.351 -99.000 -99.000 -99.000    17.4    16.5 -9999.0 -9999.0 -9999.0
23907 20151213  2.423  -98.08   30.62    22.1     8.7    15.4    11.7    31.7     6.04 C    20.1     8.1    12.4 -9999.0 -9999.0 -9999.0   0.565   0.460 -99.000 -99.000 -99.000    14.2    14.4 -9999.0 -9999.0 -9999.0
23907 20151214  2.423  -98.08   30.62    24.1     7.4    15.7    15.0     0.0    14.63 C    25.1     5.3    13.0 -9999.0 -9999.0 -9999.0   0.498   0.417 -99.000 -99.000 -99.000    12.9    13.2 -9999.0 -9999.0 -9999.0
23907 20151215  2.423  -98.08   30.62    22.6    12.8    17.7    16.9     0.0     5.28 C    24.2     9.7    15.6 -9999.0 -9999.0 -9999.0   0.473   0.397 -99.000 -99.000 -99.000    14.5    14.2 -9999.0 -9999.0 -9999.0
23907 20151216  2.423  -98.08   30.62    15.0     5.8    10.4    11.2     0.0    10.91 C    20.9     5.9    12.6 -9999.0 -9999.0 -9999.0   0.452   0.388 -99.000 -99.000 -99.000    13.0    13.6 -9999.0 -9999.0 -9999.0
23907 20151217  2.423  -98.08   30.62    17.7     3.1    10.4     9.6     0.0    14.54 C    21.5     2.3     9.8 -9999.0 -9999.0 -9999.0   0.431   0.380 -99.000 -99.000 -99.000    11.1    11.8 -9999.0 -9999.0 -9999.0
23907 20151218  2.423  -98.08   30.62    13.4     0.0     6.7     6.1     0.0    14.49 C    20.6     0.9     8.1 -9999.0 -9999.0 -9999.0   0.416   0.375 -99.000 -99.000 -99.000    10.0    10.8 -9999.0 -9999.0 -9999.0
23907 20151219  2.423  -98.08   30.62    16.4     4.1    10.2     9.9     0.0    13.54 C    22.0     2.5    10.2 -9999.0 -9999.0 -9999.0   0.409   0.369 -99.000 -99.000 -99.000    10.5    10.8 -9999.0 -9999.0 -9999.0
23907 20151220  2.423  -98.08   30.62    17.8    10.1    13.9    14.3     0.0     3.77 C    17.5    10.1    14.2 -9999.0 -9999.0 -9999.0   0.409   0.363 -99.000 -99.000 -99.000    12.9    12.6 -9999.0 -9999.0 -9999.0
23907 20151221  2.423  -98.08   30.62    23.2    14.6    18.9    18.4     0.0     8.88 C    26.6     9.4    17.0 -9999.0 -9999.0 -9999.0   0.411   0.359 -99.000 -99.000 -99.000    15.1    14.6 -9999.0 -9999.0 -9999.0
23907 20151222  2.423  -98.08   30.62    25.0    11.2    18.1    18.0     0.0    13.64 C    28.4     7.4    16.0 -9999.0 -9999.0 -9999.0   0.402   0.353 -99.000 -99.000 -99.000    14.0    13.8 -9999.0 -9999.0 -9999.0
23907 20151223  2.423  -98.08   30.62    24.6    15.4    20.0    19.8     0.0    14.09 C    28.6    11.9    18.6 -9999.0 -9999.0 -9999.0   0.398   0.350 -99.000 -99.000 -99.000    15.6    15.2 -9999.0 -9999.0 -9999.0
23907 20151224  2.423  -98.08   30.62    23.1    14.4    18.8    18.0     0.0    13.53 C    29.4    10.2    17.1 -9999.0 -9999.0 -9999.0   0.388   0.346 -99.000 -99.000 -99.000    14.7    14.5 -9999.0 -9999.0 -9999.0
23907 20151225  2.423  -98.08   30.62    19.1     9.3    14.2    14.8     0.0     6.05 C    23.4     9.5    16.1 -9999.0 -9999.0 -9999.0   0.383   0.343 -99.000 -99.000 -99.000    14.8    14.7 -9999.0 -9999.0 -9999.0
23907 20151226  2.423  -98.08   30.62    23.6    18.7    21.2    21.6     0.6     4.03 C    25.4    18.5    20.9 -9999.0 -9999.0 -9999.0   0.387   0.350 -99.000 -99.000 -99.000    18.0    17.0 -9999.0 -9999.0 -9999.0
23907 20151227  2.423  -98.08   30.62    21.7     0.4    11.0     7.0    18.4     1.56 C    20.2     3.0     9.4 -9999.0 -9999.0 -9999.0   0.456   0.408 -99.000 -99.000 -99.000    14.0    14.9 -9999.0 -9999.0 -9999.0
23907 20151228  2.423  -98.08   30.62     4.3    -0.1     2.1     1.6     0.0     5.26 C    10.4     1.4     4.2 -9999.0 -9999.0 -9999.0   0.486   0.437 -99.000 -99.000 -99.000     9.1    10.6 -9999.0 -9999.0 -9999.0
23907 20151229  2.423  -98.08   30.62     9.6    -0.1     4.8     4.1     0.0     8.19 C    16.3     1.2     6.8 -9999.0 -9999.0 -9999.0   0.457   0.406 -99.000 -99.000 -99.000     8.9     9.8 -9999.0 -9999.0 -9999.0
23907 20151230  2.423  -98.08   30.62    12.3     4.0     8.1     6.9     0.0    10.07 C    18.4     5.1     9.4 -9999.0 -9999.0 -9999.0   0.445   0.391 -99.000 -99.000 -99.000    10.1    10.5 -9999.0 -9999.0 -9999.0
23907 20151231  2.423  -98.08   30.62    10.4     2.5     6.5     6.5     0.0     8.38 C    15.0     2.7     7.8 -9999.0 -9999.0 -9999.0   0.435   0.384 -99.000 -99.000 -99.000     9.8    10.3 -9999.0 -9999.0 -9999.0
